21 3
1.00000000000000e+00 1.00000000000000e+00 0.00000000000000e+00
0.00000000000000e+00 1.00000000000000e+00 0.00000000000000e+00
9.50000000000001e-01 1.00000000000000e+00 0.00000000000000e+00
9.00000000000002e-01 1.00000000000000e+00 0.00000000000000e+00
8.50000000000002e-01 1.00000000000000e+00 0.00000000000000e+00
8.00000000000003e-01 1.00000000000000e+00 0.00000000000000e+00
7.50000000000003e-01 1.00000000000000e+00 0.00000000000000e+00
7.00000000000003e-01 1.00000000000000e+00 0.00000000000000e+00
6.50000000000004e-01 1.00000000000000e+00 0.00000000000000e+00
6.00000000000003e-01 1.00000000000000e+00 0.00000000000000e+00
5.50000000000003e-01 1.00000000000000e+00 0.00000000000000e+00
5.00000000000003e-01 1.00000000000000e+00 0.00000000000000e+00
4.50000000000003e-01 1.00000000000000e+00 0.00000000000000e+00
4.00000000000002e-01 1.00000000000000e+00 0.00000000000000e+00
3.50000000000002e-01 1.00000000000000e+00 0.00000000000000e+00
3.00000000000002e-01 1.00000000000000e+00 0.00000000000000e+00
7 2.50000000000001e-01 1.00000000000000e+00 0.00000000000000e+00
2.00000000000001e-01 1.00000000000000e+00 0.00000000000000e+00
1.50000000000001e-01 1.00000000000000e+00 0.00000000000000e+00
1.00000000000001e-01 1.00000000000000e+00 0.00000000000000e+00
5.00000000000004e-02 1.00000000000000e+00 0.00000000000000e+00

