2773 3
0.00000	-0.50000	0.00000
0.00000	0.50000	0.00000
1.00000	-0.50000	0.00000
1.00000	0.50000	0.00000
1.50000	-0.25000	0.00000
1.50000	0.25000	0.00000
2.00000	-0.25000	0.00000
2.00000	0.25000	0.00000
2.50000	-0.50000	0.00000
2.50000	0.50000	0.00000
4.00000	-0.50000	0.00000
4.00000	0.50000	0.00000
3.95000	-0.50000	0.00000
3.90000	-0.50000	0.00000
3.85000	-0.50000	0.00000
3.80000	-0.50000	0.00000
3.75000	-0.50000	0.00000
3.70000	-0.50000	0.00000
3.65000	-0.50000	0.00000
3.60000	-0.50000	0.00000
3.55000	-0.50000	0.00000
3.50000	-0.50000	0.00000
3.45000	-0.50000	0.00000
3.40000	-0.50000	0.00000
3.35000	-0.50000	0.00000
3.30000	-0.50000	0.00000
3.25000	-0.50000	0.00000
3.20000	-0.50000	0.00000
3.15000	-0.50000	0.00000
3.10000	-0.50000	0.00000
3.05000	-0.50000	0.00000
3.00000	-0.50000	0.00000
2.95000	-0.50000	0.00000
2.90000	-0.50000	0.00000
2.85000	-0.50000	0.00000
2.80000	-0.50000	0.00000
2.75000	-0.50000	0.00000
2.70000	-0.50000	0.00000
2.65000	-0.50000	0.00000
2.60000	-0.50000	0.00000
2.55000	-0.50000	0.00000
2.45455	-0.47727	0.00000
2.40909	-0.45455	0.00000
2.36364	-0.43182	0.00000
2.31818	-0.40909	0.00000
2.27273	-0.38636	0.00000
2.22727	-0.36364	0.00000
2.18182	-0.34091	0.00000
2.13636	-0.31818	0.00000
2.09091	-0.29545	0.00000
2.04545	-0.27273	0.00000
1.95000	-0.25000	0.00000
1.90000	-0.25000	0.00000
1.85000	-0.25000	0.00000
1.80000	-0.25000	0.00000
1.75000	-0.25000	0.00000
1.70000	-0.25000	0.00000
1.65000	-0.25000	0.00000
1.60000	-0.25000	0.00000
1.55000	-0.25000	0.00000
1.45455	-0.27273	0.00000
1.40909	-0.29545	0.00000
1.36364	-0.31818	0.00000
1.31818	-0.34091	0.00000
1.27273	-0.36364	0.00000
1.22727	-0.38636	0.00000
1.18182	-0.40909	0.00000
1.13636	-0.43182	0.00000
1.09091	-0.45455	0.00000
1.04545	-0.47727	0.00000
0.95000	-0.50000	0.00000
0.90000	-0.50000	0.00000
0.85000	-0.50000	0.00000
0.80000	-0.50000	0.00000
0.75000	-0.50000	0.00000
0.70000	-0.50000	0.00000
0.65000	-0.50000	0.00000
0.60000	-0.50000	0.00000
0.55000	-0.50000	0.00000
0.50000	-0.50000	0.00000
0.45000	-0.50000	0.00000
0.40000	-0.50000	0.00000
0.35000	-0.50000	0.00000
0.30000	-0.50000	0.00000
0.25000	-0.50000	0.00000
0.20000	-0.50000	0.00000
0.15000	-0.50000	0.00000
0.10000	-0.50000	0.00000
0.05000	-0.50000	0.00000
3.95000	0.50000	0.00000
3.90000	0.50000	0.00000
3.85000	0.50000	0.00000
3.80000	0.50000	0.00000
3.75000	0.50000	0.00000
3.70000	0.50000	0.00000
3.65000	0.50000	0.00000
3.60000	0.50000	0.00000
3.55000	0.50000	0.00000
3.50000	0.50000	0.00000
3.45000	0.50000	0.00000
3.40000	0.50000	0.00000
3.35000	0.50000	0.00000
3.30000	0.50000	0.00000
3.25000	0.50000	0.00000
3.20000	0.50000	0.00000
3.15000	0.50000	0.00000
3.10000	0.50000	0.00000
3.05000	0.50000	0.00000
3.00000	0.50000	0.00000
2.95000	0.50000	0.00000
2.90000	0.50000	0.00000
2.85000	0.50000	0.00000
2.80000	0.50000	0.00000
2.75000	0.50000	0.00000
2.70000	0.50000	0.00000
2.65000	0.50000	0.00000
2.60000	0.50000	0.00000
2.55000	0.50000	0.00000
2.45455	0.47727	0.00000
2.40909	0.45455	0.00000
2.36364	0.43182	0.00000
2.31818	0.40909	0.00000
2.27273	0.38636	0.00000
2.22727	0.36364	0.00000
2.18182	0.34091	0.00000
2.13636	0.31818	0.00000
2.09091	0.29545	0.00000
2.04545	0.27273	0.00000
1.95000	0.25000	0.00000
1.90000	0.25000	0.00000
1.85000	0.25000	0.00000
1.80000	0.25000	0.00000
1.75000	0.25000	0.00000
1.70000	0.25000	0.00000
1.65000	0.25000	0.00000
1.60000	0.25000	0.00000
1.55000	0.25000	0.00000
1.45455	0.27273	0.00000
1.40909	0.29545	0.00000
1.36364	0.31818	0.00000
1.31818	0.34091	0.00000
1.27273	0.36364	0.00000
1.22727	0.38636	0.00000
1.18182	0.40909	0.00000
1.13636	0.43182	0.00000
1.09091	0.45455	0.00000
1.04545	0.47727	0.00000
0.95000	0.50000	0.00000
0.90000	0.50000	0.00000
0.85000	0.50000	0.00000
0.80000	0.50000	0.00000
0.75000	0.50000	0.00000
0.70000	0.50000	0.00000
0.65000	0.50000	0.00000
0.60000	0.50000	0.00000
0.55000	0.50000	0.00000
0.50000	0.50000	0.00000
0.45000	0.50000	0.00000
0.40000	0.50000	0.00000
0.35000	0.50000	0.00000
0.30000	0.50000	0.00000
0.25000	0.50000	0.00000
0.20000	0.50000	0.00000
0.15000	0.50000	0.00000
0.10000	0.50000	0.00000
0.05000	0.50000	0.00000
0.00000	0.49743	0.05058
0.00000	0.48976	0.10065
0.00000	0.47707	0.14968
0.00000	0.45948	0.19718
0.00000	0.43717	0.24265
0.00000	0.41038	0.28563
0.00000	0.37938	0.32569
0.00000	0.34448	0.36240
0.00000	0.30605	0.39539
0.00000	0.26448	0.42432
0.00000	0.22020	0.44890
0.00000	0.17365	0.46888
0.00000	0.12533	0.48404
0.00000	0.07571	0.49423
0.00000	0.02532	0.49936
0.00000	-0.02532	0.49936
0.00000	-0.07571	0.49423
0.00000	-0.12533	0.48404
0.00000	-0.17365	0.46888
0.00000	-0.22020	0.44890
0.00000	-0.26448	0.42432
0.00000	-0.30605	0.39539
0.00000	-0.34448	0.36240
0.00000	-0.37938	0.32569
0.00000	-0.41038	0.28563
0.00000	-0.43717	0.24265
0.00000	-0.45948	0.19718
0.00000	-0.47707	0.14968
0.00000	-0.48976	0.10065
0.00000	-0.49743	0.05058
1.00000	0.49743	0.05058
1.00000	0.48976	0.10065
1.00000	0.47707	0.14968
1.00000	0.45948	0.19718
1.00000	0.43717	0.24265
1.00000	0.41038	0.28563
1.00000	0.37938	0.32569
1.00000	0.34448	0.36240
1.00000	0.30605	0.39539
1.00000	0.26448	0.42432
1.00000	0.22020	0.44890
1.00000	0.17365	0.46888
1.00000	0.12533	0.48404
1.00000	0.07571	0.49423
1.00000	0.02532	0.49936
1.00000	-0.02532	0.49936
1.00000	-0.07571	0.49423
1.00000	-0.12533	0.48404
1.00000	-0.17365	0.46888
1.00000	-0.22020	0.44890
1.00000	-0.26448	0.42432
1.00000	-0.30605	0.39539
1.00000	-0.34448	0.36240
1.00000	-0.37938	0.32569
1.00000	-0.41038	0.28563
1.00000	-0.43717	0.24265
1.00000	-0.45948	0.19718
1.00000	-0.47707	0.14968
1.00000	-0.48976	0.10065
1.00000	-0.49743	0.05058
1.50000	0.24520	0.04877
1.50000	0.23097	0.09567
1.50000	0.20787	0.13889
1.50000	0.17678	0.17678
1.50000	0.13889	0.20787
1.50000	0.09567	0.23097
1.50000	0.04877	0.24520
1.50000	0.00000	0.25000
1.50000	-0.04877	0.24520
1.50000	-0.09567	0.23097
1.50000	-0.13889	0.20787
1.50000	-0.17678	0.17678
1.50000	-0.20787	0.13889
1.50000	-0.23097	0.09567
1.50000	-0.24520	0.04877
2.00000	0.24520	0.04877
2.00000	0.23097	0.09567
2.00000	0.20787	0.13889
2.00000	0.17678	0.17678
2.00000	0.13889	0.20787
2.00000	0.09567	0.23097
2.00000	0.04877	0.24520
2.00000	0.00000	0.25000
2.00000	-0.04877	0.24520
2.00000	-0.09567	0.23097
2.00000	-0.13889	0.20787
2.00000	-0.17678	0.17678
2.00000	-0.20787	0.13889
2.00000	-0.23097	0.09567
2.00000	-0.24520	0.04877
2.50000	0.49743	0.05058
2.50000	0.48976	0.10065
2.50000	0.47707	0.14968
2.50000	0.45948	0.19718
2.50000	0.43717	0.24265
2.50000	0.41038	0.28563
2.50000	0.37938	0.32569
2.50000	0.34448	0.36240
2.50000	0.30605	0.39539
2.50000	0.26448	0.42432
2.50000	0.22020	0.44890
2.50000	0.17365	0.46888
2.50000	0.12533	0.48404
2.50000	0.07571	0.49423
2.50000	0.02532	0.49936
2.50000	-0.02532	0.49936
2.50000	-0.07571	0.49423
2.50000	-0.12533	0.48404
2.50000	-0.17365	0.46888
2.50000	-0.22020	0.44890
2.50000	-0.26448	0.42432
2.50000	-0.30605	0.39539
2.50000	-0.34448	0.36240
2.50000	-0.37938	0.32569
2.50000	-0.41038	0.28563
2.50000	-0.43717	0.24265
2.50000	-0.45948	0.19718
2.50000	-0.47707	0.14968
2.50000	-0.48976	0.10065
2.50000	-0.49743	0.05058
4.00000	0.49743	0.05058
4.00000	0.48976	0.10065
4.00000	0.47707	0.14968
4.00000	0.45948	0.19718
4.00000	0.43717	0.24265
4.00000	0.41038	0.28563
4.00000	0.37938	0.32569
4.00000	0.34448	0.36240
4.00000	0.30605	0.39539
4.00000	0.26448	0.42432
4.00000	0.22020	0.44890
4.00000	0.17365	0.46888
4.00000	0.12533	0.48404
4.00000	0.07571	0.49423
4.00000	0.02532	0.49936
4.00000	-0.02532	0.49936
4.00000	-0.07571	0.49423
4.00000	-0.12533	0.48404
4.00000	-0.17365	0.46888
4.00000	-0.22020	0.44890
4.00000	-0.26448	0.42432
4.00000	-0.30605	0.39539
4.00000	-0.34448	0.36240
4.00000	-0.37938	0.32569
4.00000	-0.41038	0.28563
4.00000	-0.43717	0.24265
4.00000	-0.45948	0.19718
4.00000	-0.47707	0.14968
4.00000	-0.48976	0.10065
4.00000	-0.49743	0.05058
0.95737	0.49306	0.08304
0.95449	0.48356	0.12715
0.95572	0.46852	0.17461
0.95673	0.44853	0.22095
0.95705	0.42397	0.26504
0.95693	0.39515	0.30636
0.95679	0.36228	0.34460
0.95670	0.32567	0.37939
0.95669	0.28566	0.41036
0.95670	0.24268	0.43715
0.95671	0.19720	0.45947
0.95671	0.14970	0.47706
0.95671	0.10066	0.48976
0.95671	0.05060	0.49743
0.95670	0.00002	0.50000
0.95669	-0.05055	0.49744
0.95669	-0.10059	0.48978
0.95671	-0.14959	0.47710
0.95673	-0.19703	0.45954
0.95678	-0.24242	0.43730
0.95684	-0.28528	0.41063
0.95691	-0.32515	0.37984
0.95699	-0.36162	0.34530
0.95705	-0.39429	0.30746
0.95706	-0.42284	0.26684
0.95697	-0.44700	0.22403
0.95671	-0.46661	0.17966
0.95618	-0.48159	0.13442
0.95522	-0.49202	0.08898
0.95340	-0.49805	0.04409
0.04499	0.49475	0.07230
0.04258	0.46857	0.17448
0.04302	0.42401	0.26499
0.04341	0.36234	0.34454
0.04342	0.28566	0.41036
0.04339	0.19720	0.45947
0.04336	0.10066	0.48976
0.04333	0.00000	0.50000
0.04331	-0.10066	0.48976
0.04331	-0.19719	0.45947
0.04339	-0.28565	0.41037
0.04357	-0.36238	0.34450
0.04385	-0.42427	0.26456
0.04243	-0.46845	0.17479
0.03442	-0.49299	0.08344
0.03782	-0.49851	0.03859
0.93063	0.49801	0.04452
0.82566	0.49817	0.04277
0.72513	0.49814	0.04310
0.62523	0.49809	0.04368
0.52514	0.49810	0.04356
0.42512	0.49812	0.04326
0.32517	0.49815	0.04296
0.22513	0.49821	0.04232
0.13085	0.49869	0.03624
0.08992	0.49738	0.05109
0.90506	-0.49843	0.03965
0.85578	-0.49867	0.03651
0.80603	-0.49882	0.03435
0.75609	-0.49891	0.03293
0.70607	-0.49897	0.03206
0.65603	-0.49900	0.03165
0.60611	-0.49900	0.03163
0.55636	-0.49899	0.03180
0.50635	-0.49896	0.03223
0.45623	-0.49888	0.03351
0.40675	-0.49878	0.03491
0.35783	-0.49880	0.03466
0.30947	-0.49889	0.03330
0.26200	-0.49900	0.03164
0.21602	-0.49912	0.02967
0.16884	-0.49897	0.03202
0.12573	-0.49866	0.03664
0.08169	-0.49879	0.03473
0.04331	0.39522	0.30627
0.04370	0.48407	0.12522
0.04255	0.44848	0.22106
0.04343	0.32569	0.37938
0.04340	0.24268	0.43716
0.04338	0.14970	0.47706
0.04334	0.05059	0.49743
0.04332	-0.05059	0.49743
0.04330	-0.14969	0.47707
0.04334	-0.24267	0.43716
0.04348	-0.32569	0.37938
0.04371	-0.39535	0.30611
0.04389	-0.44880	0.22040
0.03876	-0.48312	0.12883
0.67524	0.49810	0.04354
0.87763	0.49794	0.04535
0.77498	0.49821	0.04231
0.57518	0.49809	0.04367
0.47512	0.49811	0.04342
0.37514	0.49814	0.04311
0.27519	0.49817	0.04272
0.17539	0.49826	0.04167
0.91016	0.47654	0.15136
0.91298	0.45862	0.19917
0.91422	0.43630	0.24422
0.91397	0.40981	0.28646
0.91362	0.37911	0.32600
0.91340	0.34444	0.36244
0.91335	0.30612	0.39534
0.91338	0.26456	0.42427
0.91341	0.22026	0.44887
0.91343	0.17370	0.46886
0.91343	0.12536	0.48403
0.91342	0.07574	0.49423
0.91341	0.02536	0.49936
0.91339	-0.02527	0.49936
0.91338	-0.07563	0.49425
0.91338	-0.12520	0.48407
0.91341	-0.17344	0.46895
0.91347	-0.21986	0.44907
0.91356	-0.26395	0.42465
0.91368	-0.30524	0.39602
0.91380	-0.34328	0.36354
0.91390	-0.37764	0.32770
0.91391	-0.40796	0.28909
0.91376	-0.43395	0.24836
0.91331	-0.45546	0.20628
0.91242	-0.47246	0.16364
0.91093	-0.48509	0.12120
0.90853	-0.49354	0.08013
0.08673	0.12535	0.48403
0.08528	0.47627	0.15222
0.08686	0.30611	0.39534
0.08686	0.37927	0.32582
0.08908	0.48942	0.10232
0.45016	0.49248	0.08637
0.08676	0.17370	0.46886
0.08580	0.43647	0.24391
0.08665	-0.02534	0.49936
0.08451	0.45848	0.19949
0.08660	-0.12535	0.48403
0.08664	-0.22023	0.44889
0.08686	-0.30607	0.39538
0.08728	-0.37927	0.32581
0.08798	-0.43714	0.24272
0.08336	-0.47687	0.15033
0.79925	0.49305	0.08307
0.35025	0.49259	0.08578
0.70072	0.49244	0.08661
0.06640	-0.49540	0.06764
0.60043	0.49235	0.08711
0.85016	0.49251	0.08620
0.65059	0.49237	0.08702
0.90580	0.49065	0.09625
0.40018	0.49254	0.08606
0.75042	0.49265	0.08541
0.25029	0.49275	0.08484
0.14127	0.49307	0.08293
0.08662	-0.07573	0.49423
0.08679	0.22026	0.44887
0.08668	0.02532	0.49936
0.08689	0.34450	0.36238
0.86034	-0.49455	0.07361
0.81121	-0.49521	0.06906
0.76165	-0.49562	0.06605
0.71192	-0.49587	0.06413
0.66200	-0.49600	0.06315
0.61216	-0.49600	0.06311
0.56299	-0.49596	0.06345
0.51360	-0.49592	0.06375
0.46337	-0.49560	0.06618
0.41374	-0.49506	0.07011
0.36474	-0.49504	0.07024
0.31704	-0.49540	0.06767
0.27079	-0.49580	0.06469
0.22707	-0.49616	0.06184
0.18855	-0.49661	0.05811
0.08660	0.41004	0.28612
0.08682	0.26455	0.42428
0.50019	0.49243	0.08666
0.08671	0.07572	0.49423
0.08660	-0.17368	0.46887
0.08673	-0.26451	0.42430
0.08706	-0.34445	0.36243
0.08758	-0.41024	0.28583
0.08829	-0.45968	0.19670
0.07420	-0.48863	0.10601
0.55030	0.49238	0.08697
0.30030	0.49264	0.08547
0.19924	0.49295	0.08367
0.14895	-0.49402	0.07708
0.10439	-0.49448	0.07411
0.87201	0.44710	0.22384
0.87118	0.42332	0.26608
0.87052	0.39493	0.30665
0.87005	0.36235	0.34453
0.86996	0.32584	0.37925
0.87004	0.28581	0.41026
0.87012	0.24279	0.43710
0.87016	0.19727	0.45944
0.87017	0.14975	0.47705
0.87016	0.10070	0.48975
0.87013	0.05064	0.49743
0.87009	0.00007	0.50000
0.87005	-0.05048	0.49745
0.87004	-0.10049	0.48980
0.87005	-0.14943	0.47715
0.87011	-0.19678	0.45965
0.87022	-0.24202	0.43752
0.87037	-0.28465	0.41106
0.87055	-0.32421	0.38064
0.87069	-0.36024	0.34674
0.87072	-0.39234	0.30996
0.87053	-0.42017	0.27102
0.86997	-0.44355	0.23079
0.86880	-0.46245	0.19009
0.86688	-0.47705	0.14975
0.86398	-0.48744	0.11134
0.12813	0.44781	0.22242
0.13641	-0.47074	0.16854
0.42509	0.48319	0.12854
0.13015	0.14973	0.47705
0.13086	-0.36225	0.34464
0.12488	0.46692	0.17884
0.12987	-0.14972	0.47706
0.27549	0.48351	0.12736
0.12996	-0.05062	0.49743
0.17736	0.48446	0.12369
0.12999	-0.24270	0.43715
0.13049	-0.32567	0.37939
0.13006	0.05057	0.49744
0.13181	-0.42385	0.26523
0.13292	-0.44881	0.22038
0.13030	0.28577	0.41029
0.22625	0.48384	0.12607
0.13012	0.10067	0.48976
0.12991	-0.10069	0.48976
0.52524	0.48293	0.12952
0.32535	0.48342	0.12770
0.13044	0.36247	0.34441
0.13019	0.19727	0.45944
0.13001	-0.00003	0.50000
0.13034	0.32581	0.37928
0.81577	-0.48902	0.10422
0.76686	-0.49002	0.09938
0.71777	-0.49068	0.09609
0.66840	-0.49106	0.09414
0.61853	-0.49106	0.09413
0.56981	-0.49081	0.09540
0.52230	-0.49099	0.09448
0.47315	-0.49051	0.09697
0.42300	-0.48867	0.10583
0.37145	-0.48830	0.10754
0.32368	-0.48927	0.10304
0.27750	-0.49021	0.09846
0.23374	-0.49097	0.09458
0.19116	-0.49170	0.09072
0.13039	0.39531	0.30615
0.13025	0.24278	0.43710
0.47511	0.48307	0.12901
0.12997	0.42393	0.26511
0.82076	0.48542	0.11987
0.86317	0.48182	0.13359
0.57552	0.48282	0.12995
0.37519	0.48332	0.12809
0.12884	0.48222	0.13214
0.12989	-0.19722	0.45946
0.13125	-0.39504	0.30651
0.13021	-0.28568	0.41035
0.67639	0.48287	0.12975
0.11777	-0.48583	0.11819
0.62585	0.48279	0.13005
0.86797	0.46688	0.17896
0.72707	0.48308	0.12896
0.82769	0.40991	0.28631
0.82660	0.37949	0.32556
0.82643	0.34485	0.36205
0.82666	0.30641	0.39511
0.82683	0.26474	0.42416
0.82691	0.22038	0.44881
0.82694	0.17378	0.46883
0.82694	0.12543	0.48401
0.82690	0.07582	0.49422
0.82682	0.02545	0.49935
0.82675	-0.02517	0.49937
0.82669	-0.07550	0.49427
0.82667	-0.12503	0.48412
0.82670	-0.17320	0.46904
0.82681	-0.21949	0.44925
0.82699	-0.26338	0.42500
0.82723	-0.30438	0.39668
0.82745	-0.34200	0.36474
0.82755	-0.37584	0.32977
0.82738	-0.40551	0.29251
0.82674	-0.43075	0.25387
0.82547	-0.45146	0.21491
0.82313	-0.46787	0.17635
0.81977	-0.48002	0.13993
0.17388	-0.30609	0.39536
0.17374	0.43734	0.24235
0.55032	0.46957	0.17177
0.17312	-0.17372	0.46885
0.39988	0.47035	0.16961
0.17666	-0.43546	0.24571
0.16950	0.45849	0.19946
0.25028	0.47057	0.16901
0.17574	-0.40941	0.28702
0.16177	-0.48419	0.12474
0.17388	0.34470	0.36219
0.17378	0.26472	0.42417
0.77670	0.48369	0.12666
0.17352	0.07569	0.49424
0.17515	-0.37893	0.32620
0.30036	0.47073	0.16855
0.17344	-0.26456	0.42428
0.17316	-0.12541	0.48402
0.17358	0.12536	0.48403
0.17334	-0.02542	0.49935
0.17383	0.30629	0.39521
0.81362	0.47200	0.16496
0.77170	-0.48199	0.13300
0.72331	-0.48329	0.12818
0.67571	-0.48429	0.12437
0.62642	-0.48443	0.12382
0.57747	-0.48334	0.12800
0.52979	-0.48360	0.12702
0.48868	-0.48460	0.12315
0.32910	-0.47998	0.14006
0.28403	-0.48225	0.13203
0.23977	-0.48299	0.12930
0.20246	-0.48496	0.12173
0.17414	0.37965	0.32537
0.17325	-0.07581	0.49422
0.44980	0.47011	0.17027
0.17404	0.41058	0.28535
0.17362	0.17376	0.46884
0.83232	0.45594	0.20524
0.17445	-0.34439	0.36249
0.75618	0.47001	0.17057
0.16097	0.47358	0.16037
0.17342	0.02525	0.49936
0.17372	0.22039	0.44881
0.17318	-0.22026	0.44887
0.35007	0.47058	0.16899
0.65157	0.46939	0.17226
0.60085	0.46937	0.17231
0.82849	0.43601	0.24473
0.49993	0.46984	0.17104
0.70279	0.46977	0.17123
0.17903	-0.45714	0.20255
0.20299	0.47152	0.16634
0.19599	-0.47392	0.15936
0.78246	0.36327	0.34356
0.78319	0.32635	0.37881
0.78360	0.28605	0.41009
0.78369	0.24295	0.43700
0.78375	0.19741	0.45938
0.78379	0.14988	0.47701
0.78374	0.10084	0.48973
0.78362	0.05080	0.49741
0.78347	0.00027	0.50000
0.78335	-0.05026	0.49747
0.78326	-0.10025	0.48985
0.78323	-0.14915	0.47723
0.78330	-0.19641	0.45981
0.78349	-0.24146	0.43783
0.78380	-0.28380	0.41165
0.78415	-0.32293	0.38172
0.78440	-0.35841	0.34863
0.78437	-0.38984	0.31309
0.78378	-0.41696	0.27594
0.78238	-0.43964	0.23816
0.77979	-0.45732	0.20214
0.77607	-0.47124	0.16712
0.47409	0.45326	0.21107
0.21693	0.05045	0.49745
0.22021	-0.39457	0.30711
0.22231	-0.44514	0.22771
0.22028	0.45214	0.21347
0.32485	0.45452	0.20836
0.21729	0.36267	0.34420
0.21723	0.19741	0.45938
0.37439	0.45414	0.20919
0.21733	0.24303	0.43696
0.27534	0.45481	0.20772
0.78628	0.42441	0.26434
0.21705	-0.28573	0.41031
0.21636	-0.14984	0.47702
0.21744	0.28607	0.41008
0.21707	0.10061	0.48977
0.22126	-0.42243	0.26750
0.21714	0.42497	0.26344
0.21666	-0.05084	0.49741
0.72832	-0.47358	0.16039
0.68121	-0.47516	0.15563
0.63973	-0.47706	0.14972
0.58953	-0.47299	0.16212
0.53696	-0.47346	0.16072
0.48730	-0.47492	0.15638
0.44073	-0.47987	0.14045
0.37666	-0.47732	0.14888
0.32403	-0.46610	0.18096
0.29058	-0.47219	0.16442
0.21650	-0.10086	0.48972
0.42410	0.45371	0.21011
0.21840	0.39608	0.30516
0.21650	-0.24274	0.43713
0.21713	0.14977	0.47704
0.52459	0.45277	0.21214
0.21904	-0.36220	0.34469
0.78433	0.45150	0.21481
0.78304	0.39600	0.30526
0.21745	0.32605	0.37907
0.72830	0.45358	0.21038
0.21680	-0.00021	0.50000
0.22253	-0.46192	0.19138
0.62642	0.45182	0.21414
0.57540	0.45221	0.21333
0.21632	-0.19727	0.45944
0.21799	-0.32573	0.37934
0.24900	-0.47267	0.16306
0.73288	-0.46130	0.19287
0.74060	0.30656	0.39500
0.74052	0.26490	0.42406
0.74059	0.22057	0.44872
0.74072	0.17397	0.46876
0.74072	0.12564	0.48396
0.74055	0.07608	0.49418
0.74029	0.02580	0.49933
0.74004	-0.02476	0.49939
0.73985	-0.07508	0.49433
0.73973	-0.12461	0.48422
0.73969	-0.17276	0.46920
0.73982	-0.21893	0.44952
0.74016	-0.26255	0.42552
0.74067	-0.30311	0.39765
0.74115	-0.34013	0.36648
0.74140	-0.37320	0.33274
0.74112	-0.40203	0.29727
0.73984	-0.42651	0.26095
0.73700	-0.44584	0.22633
0.27001	-0.45758	0.20154
0.73698	0.38133	0.32340
0.44747	0.43339	0.24935
0.26112	0.34495	0.36196
0.26619	-0.40970	0.28660
0.67733	0.45223	0.21328
0.29984	0.43527	0.24605
0.26668	0.41208	0.28319
0.26284	-0.34459	0.36229
0.25945	-0.17390	0.46878
0.25993	-0.07625	0.49415
0.73947	0.34558	0.36135
0.34854	0.43485	0.24678
0.26094	0.22071	0.44865
0.26061	0.07547	0.49427
0.26104	0.26521	0.42387
0.26108	-0.30617	0.39530
0.26017	-0.02585	0.49933
0.68500	-0.46401	0.18626
0.63614	-0.46625	0.18058
0.54471	-0.46016	0.19558
0.49367	-0.46172	0.19186
0.44578	-0.46491	0.18401
0.40345	-0.46788	0.17632
0.36181	-0.45920	0.19783
0.25968	-0.12571	0.48394
0.39780	0.43404	0.24822
0.25977	0.37913	0.32598
0.25993	-0.26456	0.42427
0.26074	0.12533	0.48404
0.49795	0.43269	0.25055
0.25945	-0.22030	0.44885
0.26467	-0.37924	0.32584
0.26037	0.02492	0.49938
0.26138	0.30688	0.39474
0.70352	0.43169	0.25227
0.54894	0.43171	0.25225
0.73964	0.41197	0.28333
0.25550	0.43671	0.24348
0.65284	0.42963	0.25577
0.74858	0.43577	0.24516
0.60043	0.43048	0.25433
0.26086	0.17389	0.46879
0.26812	-0.43553	0.24558
0.69742	0.28612	0.41004
0.69737	0.24314	0.43690
0.69772	0.19760	0.45930
0.69791	0.15012	0.47693
0.69773	0.10122	0.48965
0.69728	0.05138	0.49735
0.69682	0.00102	0.50000
0.69648	-0.04945	0.49755
0.69623	-0.09949	0.49000
0.69603	-0.14849	0.47744
0.69597	-0.19577	0.46008
0.69623	-0.24069	0.43826
0.69686	-0.28266	0.41243
0.69767	-0.32119	0.38319
0.69829	-0.35583	0.35126
0.69843	-0.38622	0.31754
0.69791	-0.41223	0.28296
0.30622	0.32760	0.37772
0.30233	-0.19749	0.45935
0.30895	-0.36275	0.34411
0.30471	0.19777	0.45923
0.29872	0.39165	0.31083
0.31528	-0.44777	0.22248
0.41978	0.41027	0.28580
0.30418	0.04983	0.49751
0.31335	-0.42410	0.26484
0.69450	0.36339	0.34343
0.32183	0.41336	0.28131
0.68493	0.40077	0.29897
0.69851	0.32569	0.37938
0.30470	0.24368	0.43660
0.62516	0.40384	0.29480
0.30590	-0.32577	0.37931
0.30314	-0.10162	0.48956
0.30350	-0.05173	0.49732
0.69080	-0.45030	0.21732
0.64290	-0.45336	0.21087
0.59332	-0.45834	0.19981
0.50174	-0.44526	0.22748
0.45122	-0.44731	0.22340
0.40344	-0.45149	0.21484
0.30269	-0.15035	0.47686
0.37054	0.41130	0.28431
0.30467	0.36301	0.34384
0.30362	-0.28557	0.41043
0.30446	0.10034	0.48983
0.47011	0.40963	0.28671
0.30251	-0.24266	0.43717
0.31158	-0.39580	0.30552
0.30380	-0.00101	0.50000
0.30485	0.28699	0.40943
0.69541	-0.43328	0.24953
0.30472	0.14984	0.47702
0.35927	-0.43834	0.24053
0.57228	0.40613	0.29164
0.52097	0.40835	0.28853
0.34863	0.22156	0.44823
0.65951	0.34185	0.36488
0.65463	0.22057	0.44872
0.65528	0.17404	0.46873
0.65533	0.12604	0.48385
0.65461	0.07695	0.49404
0.65376	0.02710	0.49927
0.65317	-0.02325	0.49946
0.65278	-0.07361	0.49455
0.65241	-0.12335	0.48455
0.65203	-0.17179	0.46956
0.65193	-0.21814	0.44990
0.65251	-0.26167	0.42606
0.65371	-0.30179	0.39865
0.65498	-0.33803	0.36842
0.65558	-0.37005	0.33625
0.65551	-0.39751	0.30329
0.34873	0.12507	0.48410
0.34824	0.30824	0.39368
0.34893	0.17426	0.46865
0.40786	-0.42945	0.25608
0.34211	0.38602	0.31778
0.34679	-0.07789	0.49390
0.34767	0.02347	0.49945
0.64390	0.37257	0.33345
0.34487	-0.22036	0.44882
0.39071	0.38347	0.32086
0.35193	-0.34432	0.36255
0.36063	-0.41204	0.28324
0.65425	0.30705	0.39461
0.65101	-0.43851	0.24023
0.60294	-0.44108	0.23547
0.55378	-0.44285	0.23212
0.34538	-0.17462	0.46852
0.35582	0.35095	0.35614
0.34790	-0.30543	0.39587
0.34620	-0.12702	0.48360
0.34823	0.07459	0.49440
0.44116	0.38357	0.32074
0.34555	-0.26405	0.42459
0.34719	-0.02747	0.49924
0.34837	0.26631	0.42318
0.65400	0.26517	0.42389
0.65543	-0.41983	0.27156
0.35749	-0.38051	0.32437
0.49156	0.38270	0.32178
0.59278	0.37505	0.33066
0.45908	-0.42621	0.26143
0.39106	-0.00380	0.49999
0.61352	0.15016	0.47692
0.61263	0.10224	0.48944
0.61098	0.05350	0.49713
0.60993	0.00362	0.49999
0.60936	-0.04677	0.49781
0.60892	-0.09704	0.49049
0.60830	-0.14653	0.47805
0.60749	-0.19454	0.46060
0.60743	-0.24003	0.43862
0.60886	-0.28213	0.41280
0.61109	-0.32018	0.38404
0.61300	-0.35383	0.35328
0.61308	-0.38327	0.32109
0.39004	-0.10440	0.48898
0.39362	0.14987	0.47701
0.41417	-0.39944	0.30074
0.38689	-0.24212	0.43747
0.61116	0.24238	0.43732
0.61097	0.33496	0.37122
0.39317	0.19897	0.45870
0.54197	0.37972	0.32529
0.61687	-0.42647	0.26101
0.56873	-0.42206	0.26808
0.51230	-0.42551	0.26257
0.38740	-0.19823	0.45903
0.38907	0.32465	0.38027
0.39311	-0.32327	0.38144
0.38901	-0.15242	0.47620
0.39176	0.04763	0.49773
0.41276	0.35384	0.35326
0.38888	-0.28382	0.41164
0.39060	-0.05465	0.49700
0.39239	0.24553	0.43556
0.61046	0.28721	0.40928
0.39281	0.09915	0.49007
0.61269	-0.40751	0.28972
0.61265	0.19694	0.45958
0.46144	0.35467	0.35243
0.39971	-0.36129	0.34565
0.39205	0.28851	0.40836
0.43862	0.12375	0.48444
0.43591	0.31679	0.38684
0.47336	-0.40285	0.29616
0.56862	0.08033	0.49351
0.56674	0.03127	0.49902
0.56594	-0.01881	0.49965
0.56547	-0.06936	0.49517
0.56490	-0.11951	0.48551
0.56377	-0.16883	0.47063
0.56176	-0.21699	0.45046
0.56253	-0.26210	0.42580
0.56610	-0.30283	0.39786
0.56953	-0.33818	0.36829
0.57293	-0.36877	0.33765
0.55894	0.34535	0.36157
0.43358	-0.30032	0.39976
0.43884	0.17555	0.46817
0.52461	-0.40386	0.29479
0.44850	-0.37293	0.33305
0.42794	-0.22067	0.44867
0.42852	-0.26199	0.42586
0.57220	0.17295	0.46913
0.43142	-0.17777	0.46733
0.43504	0.01907	0.49964
0.43319	-0.13141	0.48242
0.43403	-0.08257	0.49313
0.43667	0.22488	0.44658
0.43444	-0.03215	0.49897
0.57218	0.12686	0.48364
0.57115	-0.39668	0.30437
0.43619	0.07106	0.49492
0.43899	-0.33762	0.36880
0.51092	0.35281	0.35429
0.56735	0.26163	0.42608
0.43587	0.27085	0.42029
0.56889	0.21729	0.45032
0.56643	0.30513	0.39610
0.52682	0.10879	0.48802
0.47936	0.29319	0.40502
0.52416	0.23457	0.44156
0.52238	0.01021	0.49990
0.52195	-0.04040	0.49836
0.52154	-0.09089	0.49167
0.52075	-0.14064	0.47981
0.51864	-0.18949	0.46270
0.51264	-0.24063	0.43829
0.52014	-0.28676	0.40959
0.52449	-0.32453	0.38037
0.52970	-0.35622	0.35086
0.47629	-0.15935	0.47393
0.48764	0.14987	0.47701
0.52371	0.06051	0.49632
0.46439	-0.24121	0.43797
0.47322	-0.20412	0.45644
0.48169	0.32752	0.37780
0.47836	-0.01060	0.49989
0.47914	0.04077	0.49833
0.52704	0.19008	0.46246
0.47755	-0.11130	0.48745
0.48151	0.20470	0.45618
0.47796	-0.06139	0.49622
0.53590	0.14996	0.47698
0.53756	-0.38175	0.32290
0.52205	0.31736	0.38637
0.47917	-0.31307	0.38985
0.48117	0.09300	0.49128
0.47972	0.25139	0.43221
0.47407	-0.27597	0.41694
0.52326	0.27777	0.41575
0.49612	-0.37877	0.32639
0.48456	-0.34797	0.35905
1.46335	0.25485	0.08396
1.46102	0.23755	0.12726
1.46224	0.20808	0.17030
1.46303	0.17054	0.20737
1.46342	0.12666	0.23651
1.46360	0.07807	0.25658
1.46369	0.02663	0.26683
1.46376	-0.02566	0.26689
1.46386	-0.07674	0.25685
1.46401	-0.12455	0.23729
1.46421	-0.16726	0.20926
1.46442	-0.20337	0.17422
1.46411	-0.23205	0.13397
1.46267	-0.25301	0.09038
1.45988	-0.26624	0.04525
1.03884	0.47603	0.06599
1.04056	0.45079	0.16406
1.03916	0.40805	0.25358
1.03872	0.34836	0.33115
1.03892	0.27435	0.39452
1.03908	0.18938	0.44156
1.03868	0.09679	0.47082
1.03867	-0.00006	0.48067
1.03922	-0.09677	0.47054
1.03947	-0.18965	0.44124
1.03959	-0.27485	0.39377
1.03951	-0.34879	0.33012
1.04054	-0.40848	0.25157
1.04512	-0.45001	0.15949
1.03823	-0.47594	0.06877
1.02835	-0.48486	0.03070
1.43923	0.27645	0.04682
1.34393	0.32455	0.04767
1.25082	0.37180	0.04565
1.15779	0.41856	0.04622
1.07332	0.46168	0.03916
1.41698	-0.28822	0.04370
1.37256	-0.31066	0.04367
1.32751	-0.33321	0.04510
1.28232	-0.35573	0.04714
1.23676	-0.37848	0.04886
1.19053	-0.40157	0.05053
1.14239	-0.42545	0.05352
1.09106	-0.45067	0.05862
1.03884	0.38017	0.29398
1.04066	0.46542	0.11605
1.03975	0.43171	0.21011
1.03878	0.31295	0.36476
1.03909	0.23302	0.42017
1.03892	0.14384	0.45851
1.03857	0.04863	0.47825
1.03895	-0.04869	0.47805
1.03938	-0.14390	0.45825
1.03954	-0.23347	0.41966
1.03958	-0.31335	0.36389
1.03968	-0.38060	0.29274
1.04214	-0.43169	0.20741
1.04635	-0.46373	0.11096
1.29719	0.34837	0.04610
1.39134	0.30025	0.04967
1.20458	0.39511	0.04538
1.11297	0.44125	0.04471
1.06176	-0.46796	0.03290
1.07752	0.24365	0.39163
1.42244	0.24085	0.15933
1.42457	0.20364	0.20324
1.42557	0.15974	0.23870
1.42608	0.11006	0.26502
1.42629	0.05639	0.28126
1.42640	0.00081	0.28680
1.42652	-0.05449	0.28151
1.42671	-0.10716	0.26586
1.42696	-0.15508	0.24092
1.42731	-0.19648	0.20830
1.42766	-0.23008	0.17016
1.42631	-0.25612	0.12916
1.42259	-0.27535	0.08680
1.07770	-0.06983	0.45583
1.08151	0.44009	0.13123
1.07707	0.28219	0.36513
1.07683	0.35025	0.30065
1.08013	0.45229	0.08353
1.36667	0.30147	0.09692
1.07758	0.15998	0.43257
1.07796	0.40375	0.22253
1.07650	0.06993	0.45642
1.07779	0.20279	0.41412
1.07702	-0.02342	0.46089
1.07682	0.31786	0.33471
1.12696	0.42603	0.09514
1.07838	-0.20357	0.41341
1.07867	-0.28315	0.36337
1.07814	-0.35117	0.29856
1.08140	-0.40413	0.21825
1.09721	-0.43676	0.11399
1.22600	0.37621	0.09073
1.07706	0.11564	0.44675
1.27286	0.35221	0.09017
1.17962	0.40042	0.08898
1.07931	0.42433	0.17850
1.07827	-0.16032	0.43208
1.07718	0.37900	0.26318
1.37990	-0.29795	0.08577
1.33560	-0.32023	0.08839
1.29106	-0.34207	0.09294
1.24569	-0.36465	0.09631
1.19981	-0.38768	0.09892
1.15303	-0.41124	0.10110
1.07647	0.02334	0.46117
1.41804	0.27212	0.10304
1.31955	0.32753	0.09207
1.07856	-0.24474	0.39034
1.07812	-0.11559	0.44621
1.07851	-0.31874	0.33271
1.07887	-0.38002	0.26020
1.08480	-0.42380	0.17260
1.38642	0.19429	0.23743
1.38740	0.14445	0.27010
1.38785	0.08912	0.29281
1.38798	0.03074	0.30446
1.38816	-0.02852	0.30459
1.38833	-0.08629	0.29341
1.38859	-0.13960	0.27197
1.38899	-0.18686	0.24169
1.38950	-0.22620	0.20496
1.39071	-0.25556	0.16582
1.38688	-0.27981	0.12523
1.33620	0.30128	0.13925
1.11506	0.25232	0.36348
1.11817	-0.37704	0.22858
1.11632	-0.08866	0.43285
1.11539	-0.04442	0.44007
1.11720	-0.25428	0.36080
1.11321	0.04483	0.44112
1.11529	-0.35210	0.26777
1.11676	-0.32261	0.30158
1.24689	0.35222	0.13317
1.38466	0.23708	0.19609
1.38026	0.27252	0.14749
1.29278	0.32794	0.13225
1.11675	-0.21573	0.38535
1.11654	-0.17488	0.40564
1.11434	0.35019	0.27105
1.34369	-0.30196	0.12848
1.30063	-0.32153	0.13747
1.25511	-0.34437	0.14187
1.20881	-0.36774	0.14583
1.16377	-0.39119	0.14762
1.11393	0.00007	0.44304
1.11739	-0.28994	0.33269
1.12406	-0.41342	0.14458
1.11630	0.39750	0.19294
1.11501	0.37577	0.23367
1.12405	-0.39627	0.18652
1.11604	0.17370	0.40641
1.11857	0.41492	0.14856
1.11538	0.13197	0.42216
1.11656	-0.13229	0.42145
1.11428	0.28813	0.33631
1.19864	0.37645	0.13722
1.15623	0.40245	0.12656
1.11402	0.32089	0.30540
1.11589	0.21401	0.38680
1.11401	0.08904	0.43396
1.15297	0.22349	0.35974
1.15402	-0.06282	0.41830
1.34378	0.26939	0.18730
1.34581	0.22968	0.23289
1.15210	0.37056	0.20596
1.14888	0.02178	0.42500
1.35118	-0.25628	0.19891
1.15378	-0.32579	0.26997
1.35045	-0.21946	0.23941
1.34955	-0.17394	0.27480
1.15570	-0.26235	0.33073
1.26735	0.32608	0.16694
1.30384	0.29970	0.17703
1.34920	-0.06110	0.31961
1.15471	-0.22632	0.35695
1.34852	0.06401	0.31939
1.15405	-0.18790	0.37895
1.31281	-0.29132	0.18218
1.26543	-0.31709	0.18534
1.21885	-0.34188	0.18886
1.16748	-0.36728	0.19589
1.15197	-0.02015	0.42354
1.15597	-0.29541	0.30139
1.34866	0.00131	0.32567
1.15417	-0.14735	0.39642
1.34743	0.18089	0.27155
1.34923	-0.12031	0.30233
1.15443	0.38888	0.16590
1.34861	0.12468	0.30089
1.22712	0.34129	0.18126
1.15395	0.14559	0.39718
1.15456	-0.10533	0.40939
1.15412	0.18522	0.38022
1.14880	-0.35206	0.23914
1.15144	0.25932	0.33581
1.35605	-0.27922	0.16032
1.15165	0.34806	0.24245
1.14894	0.06413	0.42067
1.15036	0.32213	0.27695
1.27181	-0.28396	0.22789
1.31037	-0.20916	0.27414
1.30736	0.03492	0.34455
1.18695	-0.33393	0.23184
1.15020	0.29233	0.30836
1.18987	0.34346	0.21474
1.30901	-0.03216	0.34399
1.30854	0.16250	0.30517
1.30511	0.21942	0.26940
1.30953	-0.09635	0.33152
1.15200	0.10492	0.41082
1.19098	-0.19885	0.35226
1.19315	-0.07895	0.39563
1.22914	-0.31050	0.22836
1.19050	-0.03703	0.40305
1.30440	0.26594	0.22414
1.19061	-0.16139	0.37112
1.19066	0.19562	0.35425
1.31175	-0.25319	0.23305
1.30879	0.10081	0.33058
1.30865	-0.15632	0.30831
1.18687	0.00461	0.40654
1.19497	-0.26915	0.29929
1.26631	0.30263	0.20734
1.19220	-0.23547	0.32816
1.18686	0.32096	0.24956
1.19359	-0.30219	0.26694
1.18880	0.23220	0.33256
1.19047	0.11734	0.38738
1.19132	-0.12069	0.38591
1.18009	0.04143	0.40785
1.19303	0.15689	0.37173
1.27269	-0.24438	0.26930
1.18615	0.36480	0.18029
1.18638	0.26461	0.30899
1.26482	0.07569	0.35971
1.18408	0.29511	0.28168
1.23015	-0.17201	0.34435
1.18684	0.07725	0.39918
1.23184	-0.09639	0.37179
1.22198	-0.00870	0.38891
1.26482	-0.00183	0.36758
1.26643	-0.13193	0.34224
1.23156	-0.05021	0.38093
1.27109	-0.06874	0.35791
1.26506	0.20011	0.30821
1.22357	-0.13646	0.36344
1.26699	-0.19562	0.30993
1.27080	0.13987	0.33671
1.23295	-0.23982	0.29929
1.23148	0.12588	0.36306
1.22424	-0.20864	0.32699
1.23383	-0.27590	0.26577
1.22255	0.20725	0.32887
1.25912	0.26480	0.25905
1.22741	0.31388	0.22518
1.23158	0.16965	0.34473
1.21664	0.27040	0.28337
1.22181	0.08674	0.37930
1.22235	0.03935	0.38683
1.22743	0.23884	0.30360
1.21675	0.29455	0.25809
1.95566	0.24076	0.06732
1.95395	0.22152	0.11588
1.95584	0.19323	0.15862
1.95655	0.15796	0.19377
1.95667	0.11726	0.22079
1.95700	0.07231	0.23931
1.95745	0.02460	0.24879
1.95783	-0.02403	0.24884
1.95809	-0.07161	0.23952
1.95828	-0.11626	0.22132
1.95840	-0.15624	0.19517
1.95855	-0.19001	0.16246
1.95887	-0.21659	0.12486
1.95803	-0.23556	0.08373
1.95531	-0.24654	0.04146
1.54515	0.24085	0.06702
1.54755	0.19369	0.15806
1.54368	0.11720	0.22082
1.54223	0.02392	0.24885
1.54214	-0.07254	0.23924
1.54269	-0.15747	0.19418
1.54504	-0.21807	0.12226
1.91741	0.24654	0.04147
1.82306	0.24638	0.04242
1.72308	0.24653	0.04151
1.62624	0.24663	0.04092
1.90800	-0.24724	0.03706
1.85937	-0.24750	0.03529
1.81202	-0.24764	0.03427
1.76298	-0.24762	0.03439
1.71508	-0.24725	0.03697
1.66804	-0.24788	0.03246
1.61983	-0.24796	0.03190
1.56972	-0.24708	0.03811
1.54271	0.07187	0.23945
1.54890	0.22178	0.11538
1.54534	0.15831	0.19349
1.54210	-0.02481	0.24877
1.54234	-0.11736	0.22074
1.54332	-0.19142	0.16080
1.55031	-0.23681	0.08014
1.87262	0.24614	0.04379
1.77287	0.24650	0.04171
1.67446	0.24676	0.04015
1.58278	0.24666	0.04073
1.58422	-0.00104	0.25000
1.58452	-0.09534	0.23111
1.91120	0.20740	0.13959
1.91333	0.17496	0.17857
1.91298	0.13724	0.20896
1.91333	0.09468	0.23138
1.91435	0.04846	0.24526
1.91528	0.00032	0.25000
1.91587	-0.04766	0.24542
1.91624	-0.09353	0.23185
1.91646	-0.13547	0.21011
1.91637	-0.17189	0.18153
1.91642	-0.20142	0.14809
1.91750	-0.22352	0.11198
1.91466	-0.23878	0.07405
1.74527	0.23613	0.08211
1.59790	0.20845	0.13802
1.58419	-0.04919	0.24511
1.58468	0.04711	0.24552
1.59981	0.23385	0.08840
1.90350	0.23335	0.08971
1.58606	-0.17416	0.17935
1.58841	0.13679	0.20926
1.59114	-0.22573	0.10746
1.79550	0.23613	0.08212
1.58778	-0.20369	0.14495
1.59927	-0.24024	0.06916
1.84677	0.23540	0.08417
1.58512	-0.13753	0.20877
1.64956	0.23794	0.07670
1.59238	0.17548	0.17806
1.58599	0.09364	0.23180
1.86765	-0.24004	0.06985
1.82088	-0.23967	0.07113
1.77895	-0.24157	0.06436
1.72990	-0.23769	0.07750
1.67936	-0.24014	0.06953
1.64007	-0.24276	0.05975
1.69501	0.23618	0.08198
1.86910	0.15527	0.19594
1.86853	0.11588	0.22152
1.87047	0.07154	0.23955
1.87250	0.02412	0.24883
1.87359	-0.02395	0.24885
1.87415	-0.07073	0.23979
1.87459	-0.11440	0.22229
1.87478	-0.15334	0.19745
1.87379	-0.18633	0.16668
1.87342	-0.21184	0.13275
1.87939	-0.22914	0.09996
1.62631	-0.07289	0.23914
1.62616	0.02201	0.24903
1.63315	-0.21449	0.12843
1.86569	0.21685	0.12440
1.62999	0.11312	0.22294
1.65585	0.21899	0.12060
1.62845	-0.15642	0.19502
1.62603	-0.02581	0.24866
1.63418	0.15332	0.19747
1.62734	0.06901	0.24029
1.83010	-0.22465	0.10969
1.77612	-0.22867	0.10103
1.63041	-0.18934	0.16325
1.76836	0.21940	0.11984
1.62706	-0.11699	0.22094
1.63645	-0.23203	0.09307
1.64173	0.18898	0.16367
1.71685	0.21927	0.12009
1.87165	0.18891	0.16374
1.81659	0.21979	0.11912
1.67995	-0.22573	0.10746
1.66746	-0.00283	0.24998
1.82471	0.09401	0.23165
1.82954	0.04708	0.24553
1.83147	-0.00074	0.25000
1.83223	-0.04800	0.24535
1.83277	-0.09310	0.23202
1.83348	-0.13414	0.21097
1.83401	-0.16983	0.18346
1.82962	-0.20046	0.14938
1.66981	-0.13760	0.20872
1.67039	0.08869	0.23374
1.67516	0.12954	0.21382
1.66784	0.04402	0.24609
1.72529	-0.21794	0.12248
1.66837	-0.09559	0.23100
1.74480	0.19708	0.15381
1.83460	0.20005	0.14994
1.67255	-0.17443	0.17910
1.66768	-0.04997	0.24495
1.79221	0.19640	0.15468
1.69265	0.19652	0.15453
1.82626	0.17284	0.18063
1.67636	-0.20387	0.14470
1.82124	0.13694	0.20916
1.68039	0.16531	0.18755
1.78976	0.02142	0.24908
1.79065	-0.02547	0.24870
1.79116	-0.07164	0.23952
1.79186	-0.11486	0.22205
1.79338	-0.15263	0.19800
1.79613	-0.18318	0.17013
1.71495	0.10615	0.22635
1.70919	-0.07303	0.23910
1.77211	0.16303	0.18953
1.77105	0.11658	0.22116
1.71268	-0.15696	0.19458
1.71876	-0.19136	0.16088
1.70840	0.01953	0.24924
1.71020	-0.11701	0.22093
1.70873	-0.02683	0.24856
1.72295	0.17386	0.17964
1.70867	0.06404	0.24166
1.77370	-0.20619	0.14138
1.78689	0.06815	0.24053
1.72337	0.14239	0.20549
1.74866	0.04129	0.24657
1.74951	-0.00328	0.24998
1.74991	-0.04967	0.24502
1.75039	-0.09484	0.23131
1.75188	-0.13639	0.20951
1.75561	-0.17361	0.17989
1.74679	0.08109	0.23648
2.46353	0.47531	0.07857
2.45887	0.46423	0.11980
2.45705	0.44942	0.16435
2.45828	0.43099	0.20934
2.46036	0.40810	0.25304
2.46145	0.38043	0.29390
2.46142	0.34854	0.33106
2.46098	0.31316	0.36442
2.46072	0.27466	0.39409
2.46066	0.23334	0.41984
2.46069	0.18960	0.44134
2.46074	0.14393	0.45830
2.46082	0.09681	0.47055
2.46092	0.04871	0.47798
2.46098	0.00008	0.48049
2.46094	-0.04859	0.47800
2.46073	-0.09674	0.47052
2.46043	-0.14381	0.45818
2.46016	-0.18933	0.44117
2.46003	-0.23293	0.41971
2.46002	-0.27424	0.39396
2.46003	-0.31279	0.36411
2.45997	-0.34811	0.33046
2.45992	-0.37977	0.29349
2.46002	-0.40749	0.25370
2.46021	-0.43101	0.21149
2.46057	-0.45008	0.16764
2.46169	-0.46472	0.12347
2.46485	-0.47564	0.08066
2.46465	-0.48086	0.03751
2.04278	0.26063	0.07564
2.03660	0.20663	0.17114
2.03632	0.12608	0.23667
2.03679	0.02655	0.26708
2.03824	-0.07734	0.25777
2.03966	-0.17028	0.20932
2.04082	-0.23774	0.12884
2.43861	0.46751	0.04105
2.34451	0.41975	0.04590
2.25064	0.37249	0.04602
2.15928	0.32632	0.04667
2.42882	-0.46352	0.02870
2.33821	-0.41721	0.03988
2.29777	-0.39734	0.03511
2.20677	-0.34969	0.05092
2.15823	-0.32524	0.05038
2.11016	-0.30070	0.05151
2.06170	-0.27678	0.04763
2.03644	0.07781	0.25668
2.03627	0.23550	0.12820
2.03640	0.16957	0.20779
2.03742	-0.02583	0.26746
2.03904	-0.12612	0.23819
2.04024	-0.20812	0.17219
2.03779	-0.25512	0.08498
2.39131	0.44347	0.04411
2.29748	0.39607	0.04607
2.20449	0.34917	0.04646
2.11565	0.30449	0.04516
2.07518	0.28447	0.04225
2.25846	-0.37520	0.05514
2.41364	0.43792	0.13006
2.41397	0.42165	0.17621
2.41974	0.40313	0.22129
2.42359	0.37946	0.26318
2.42409	0.35075	0.30077
2.42286	0.31834	0.33404
2.42206	0.28284	0.36407
2.42185	0.24444	0.39077
2.42191	0.20346	0.41362
2.42198	0.16038	0.43219
2.42208	0.11575	0.44627
2.42227	0.07003	0.45579
2.42251	0.02357	0.46065
2.42261	-0.02321	0.46072
2.42236	-0.06978	0.45587
2.42175	-0.11553	0.44616
2.42106	-0.15991	0.43187
2.42061	-0.20260	0.41332
2.42056	-0.24338	0.39067
2.42068	-0.28187	0.36395
2.42065	-0.31753	0.33328
2.42040	-0.34976	0.29908
2.42029	-0.37822	0.26207
2.42071	-0.40284	0.22281
2.42101	-0.42333	0.18127
2.42148	-0.43937	0.13869
2.42360	-0.45152	0.09688
2.43336	-0.46261	0.06148
2.07481	0.23713	0.16239
2.07676	-0.05448	0.28319
2.07412	0.05633	0.28148
2.07234	0.25995	0.11966
2.08468	-0.27258	0.10564
2.08105	-0.20345	0.20739
2.07368	0.15835	0.23917
2.22938	0.35303	0.09146
2.37535	0.42818	0.09068
2.07514	0.00111	0.28757
2.09347	0.28374	0.08686
2.27674	0.37765	0.09062
2.23310	-0.35220	0.10155
2.42201	0.45318	0.08457
2.07409	0.20157	0.20436
2.38893	-0.44145	0.05167
2.30835	-0.39679	0.07692
2.08009	-0.15874	0.24275
2.13787	0.30497	0.09337
2.07371	0.10937	0.26518
2.07860	-0.10841	0.26822
2.18445	-0.32813	0.09720
2.08217	-0.24121	0.16293
2.32608	0.40270	0.09185
2.28132	-0.37385	0.11336
2.18348	0.32875	0.09330
2.13695	-0.30202	0.10104
2.34996	-0.41733	0.08028
2.37592	0.39356	0.19214
2.38632	0.37595	0.23462
2.38906	0.35132	0.27237
2.38595	0.32195	0.30427
2.38397	0.28941	0.33405
2.38349	0.25383	0.36154
2.38366	0.21550	0.38571
2.38381	0.17490	0.40582
2.38381	0.13262	0.42154
2.38397	0.08924	0.43288
2.38441	0.04507	0.43990
2.38492	0.00037	0.44246
2.38496	-0.04443	0.44024
2.38418	-0.08877	0.43308
2.38281	-0.13193	0.42123
2.38160	-0.17349	0.40522
2.38123	-0.21347	0.38545
2.38163	-0.25166	0.36192
2.38201	-0.28758	0.33434
2.38168	-0.32045	0.30274
2.38089	-0.34958	0.26793
2.38092	-0.37499	0.23106
2.38271	-0.39704	0.19275
2.38213	-0.41455	0.15060
2.38272	-0.42809	0.10744
2.11536	-0.02720	0.30648
2.16491	0.30118	0.14077
2.12600	-0.27314	0.15285
2.21106	-0.32774	0.13781
2.11592	0.27291	0.14268
2.36193	0.40732	0.14079
2.12399	-0.23744	0.20240
2.11324	0.23494	0.19702
2.17072	-0.30227	0.14525
2.12322	-0.19330	0.24440
2.30467	0.37960	0.13332
2.12151	-0.14186	0.27649
2.11320	0.03154	0.30498
2.21094	0.32761	0.13796
2.11207	0.19184	0.23844
2.25615	0.35351	0.13406
2.11852	-0.08571	0.29715
2.11190	0.14276	0.27060
2.33591	-0.39980	0.12185
2.25654	-0.34318	0.15911
2.11214	0.08872	0.29293
2.15169	0.06469	0.31936
2.35844	0.35072	0.24743
2.35104	0.32513	0.27452
2.34640	0.29525	0.30319
2.34540	0.26208	0.33165
2.34586	0.22604	0.35745
2.34635	0.18781	0.37922
2.34626	0.14771	0.39651
2.34597	0.10632	0.40941
2.34641	0.06449	0.41827
2.34753	0.02188	0.42320
2.34838	-0.02082	0.42368
2.34809	-0.06335	0.41929
2.34600	-0.10531	0.40968
2.34318	-0.14543	0.39571
2.34174	-0.18436	0.37834
2.34212	-0.22214	0.35770
2.34366	-0.25804	0.33370
2.34425	-0.29170	0.30512
2.34261	-0.32165	0.27211
2.34058	-0.34760	0.23625
2.34200	-0.37075	0.19946
2.34870	-0.39112	0.16461
2.15139	0.22545	0.23505
2.16807	-0.22999	0.24225
2.19805	0.29609	0.18479
2.16802	-0.27150	0.19456
2.15389	0.00402	0.32692
2.15436	0.26690	0.18924
2.16744	-0.17786	0.28238
2.32967	0.37654	0.17408
2.15103	0.17709	0.27313
2.15114	0.12298	0.30145
2.30753	-0.37083	0.15973
2.24155	0.32390	0.18045
2.15798	-0.05774	0.32388
2.34660	0.36525	0.21396
2.21174	-0.30569	0.18220
2.16367	-0.11947	0.30958
2.31004	0.30314	0.26860
2.30673	0.26968	0.29996
2.30864	0.23568	0.32853
2.30950	0.19890	0.35251
2.30982	0.16171	0.37121
2.30917	0.12181	0.38582
2.30764	0.08155	0.39550
2.31030	0.04124	0.40304
2.31198	0.00001	0.40599
2.31301	-0.03936	0.40460
2.31236	-0.07961	0.39830
2.30590	-0.11811	0.38525
2.30201	-0.15499	0.36984
2.30187	-0.19327	0.35127
2.30332	-0.22902	0.32997
2.30812	-0.26322	0.30656
2.30736	-0.29433	0.27627
2.30121	-0.32002	0.24098
2.29901	-0.34512	0.20123
2.19102	0.09950	0.33087
2.19160	0.25788	0.23038
2.19063	0.21195	0.27262
2.21391	-0.27058	0.23282
2.21484	-0.21728	0.28379
2.32288	0.33435	0.23977
2.19238	0.03811	0.34408
2.19176	0.15840	0.30748
2.25628	-0.31421	0.21039
2.23342	0.28864	0.22619
2.30975	0.34946	0.20445
2.28283	0.35113	0.17296
2.19676	-0.02498	0.34748
2.21565	-0.15633	0.32187
2.26814	0.24069	0.29930
2.27637	0.20904	0.32709
2.27033	0.17264	0.34430
2.27687	0.13743	0.36331
2.26864	0.09881	0.37140
2.26947	0.05588	0.38066
2.27878	0.01829	0.38896
2.27376	-0.01967	0.38638
2.28187	-0.05604	0.38690
2.27628	-0.08924	0.37774
2.25430	-0.12035	0.35743
2.26483	-0.16443	0.34526
2.25863	-0.19986	0.32239
2.26688	-0.23700	0.30142
2.27817	-0.26853	0.28157
2.26534	-0.28960	0.25013
2.23399	0.13345	0.34187
2.22969	0.07322	0.35742
2.23360	0.19664	0.30964
2.20365	-0.09008	0.34010
2.22912	0.24693	0.26819
2.26907	0.27873	0.26491
2.27770	0.31835	0.22329
2.24385	-0.25601	0.26979
2.23665	0.01243	0.36811
2.24064	-0.05607	0.36605
3.95861	0.49315	0.08247
3.95612	0.48380	0.12623
3.95659	0.46886	0.17370
3.95627	0.44901	0.21997
3.95613	0.42449	0.26421
3.95618	0.39555	0.30584
3.95633	0.36251	0.34436
3.95645	0.32575	0.37932
3.95654	0.28566	0.41036
3.95659	0.24267	0.43716
3.95662	0.19719	0.45947
3.95665	0.14970	0.47706
3.95667	0.10066	0.48976
3.95669	0.05060	0.49743
3.95670	0.00001	0.50000
3.95670	-0.05057	0.49744
3.95671	-0.10063	0.48977
3.95671	-0.14965	0.47708
3.95671	-0.19713	0.45950
3.95670	-0.24256	0.43722
3.95670	-0.28547	0.41050
3.95673	-0.32539	0.37964
3.95684	-0.36187	0.34503
3.95708	-0.39454	0.30714
3.95746	-0.42307	0.26647
3.95791	-0.44722	0.22359
3.95819	-0.46682	0.17912
3.95785	-0.48179	0.13371
3.95657	-0.49215	0.08824
3.95419	-0.49810	0.04355
2.54140	0.49487	0.07142
2.54338	0.46906	0.17315
2.54471	0.42461	0.26402
2.54394	0.36248	0.34439
2.54349	0.28562	0.41039
2.54334	0.19715	0.45949
2.54330	0.10063	0.48977
2.54330	-0.00001	0.50000
2.54331	-0.10066	0.48976
2.54333	-0.19720	0.45947
2.54335	-0.28565	0.41037
2.54329	-0.36235	0.34453
2.54349	-0.42422	0.26464
2.54409	-0.46847	0.17474
2.53691	-0.49290	0.08397
2.53760	-0.49855	0.03811
3.93147	0.49804	0.04428
3.82630	0.49797	0.04506
3.72514	0.49810	0.04358
3.62505	0.49811	0.04344
3.52513	0.49811	0.04346
3.42507	0.49812	0.04333
3.32502	0.49812	0.04327
3.22500	0.49812	0.04326
3.12499	0.49812	0.04327
3.02499	0.49812	0.04326
2.92497	0.49812	0.04327
2.82480	0.49808	0.04373
2.72566	0.49803	0.04431
2.63068	0.49828	0.04140
2.58379	0.49768	0.04808
3.90620	-0.49848	0.03900
3.85684	-0.49868	0.03633
3.80683	-0.49875	0.03530
3.75694	-0.49878	0.03490
3.70689	-0.49884	0.03410
3.65673	-0.49886	0.03378
3.60670	-0.49886	0.03381
3.55675	-0.49885	0.03383
3.50677	-0.49886	0.03374
3.45673	-0.49887	0.03362
3.40668	-0.49887	0.03354
3.35665	-0.49888	0.03350
3.30664	-0.49888	0.03348
3.25664	-0.49888	0.03348
3.20665	-0.49888	0.03348
3.15666	-0.49888	0.03348
3.10669	-0.49888	0.03348
3.05675	-0.49888	0.03347
3.00690	-0.49888	0.03342
2.95720	-0.49889	0.03328
2.90763	-0.49891	0.03302
2.85810	-0.49892	0.03282
2.80870	-0.49891	0.03295
2.76022	-0.49889	0.03328
2.71385	-0.49894	0.03253
2.66698	-0.49888	0.03344
2.62440	-0.49884	0.03403
2.58006	-0.49899	0.03184
2.54435	0.39559	0.30579
2.54127	0.48426	0.12448
2.54464	0.44921	0.21957
2.54368	0.32570	0.37936
2.54339	0.24263	0.43719
2.54331	0.14966	0.47708
2.54329	0.05057	0.49744
2.54330	-0.05059	0.49743
2.54332	-0.14970	0.47706
2.54335	-0.24268	0.43716
2.54333	-0.32567	0.37939
2.54331	-0.39532	0.30615
2.54391	-0.44873	0.22055
2.54306	-0.48324	0.12839
3.67501	0.49811	0.04339
3.87841	0.49787	0.04615
3.77557	0.49803	0.04434
3.57511	0.49811	0.04348
3.47511	0.49811	0.04340
3.37504	0.49812	0.04330
3.27501	0.49812	0.04326
3.17499	0.49812	0.04326
3.07499	0.49812	0.04327
2.97500	0.49813	0.04326
2.87490	0.49811	0.04339
2.77490	0.49804	0.04424
2.67758	0.49813	0.04321
3.91392	0.47722	0.14919
3.91279	0.45977	0.19651
3.91223	0.43754	0.24200
3.91220	0.41075	0.28511
3.91252	0.37964	0.32538
3.91283	0.34462	0.36227
3.91301	0.30611	0.39534
3.91313	0.26451	0.42431
3.91321	0.22022	0.44889
3.91327	0.17368	0.46887
3.91332	0.12535	0.48403
3.91336	0.07574	0.49423
3.91339	0.02535	0.49936
3.91340	-0.02530	0.49936
3.91341	-0.07568	0.49424
3.91342	-0.12528	0.48405
3.91341	-0.17358	0.46890
3.91340	-0.22008	0.44896
3.91337	-0.26428	0.42445
3.91336	-0.30569	0.39567
3.91342	-0.34382	0.36302
3.91366	-0.37824	0.32700
3.91418	-0.40857	0.28821
3.91500	-0.43455	0.24732
3.91576	-0.45602	0.20506
3.91603	-0.47293	0.16229
3.91453	-0.48546	0.11969
3.91107	-0.49375	0.07881
2.58660	0.12528	0.48405
2.58508	0.47751	0.14827
2.58713	0.30596	0.39546
2.58821	0.37953	0.32551
2.57979	0.48988	0.10008
3.45018	0.49248	0.08639
2.58663	0.17359	0.46890
2.58994	0.43792	0.24130
2.58660	-0.02534	0.49936
2.58912	0.46030	0.19525
2.58662	-0.12536	0.48403
2.58668	-0.22026	0.44887
2.58671	-0.30608	0.39537
2.58655	-0.37926	0.32582
2.58735	-0.43698	0.24300
2.58918	-0.47657	0.15125
3.80103	0.49192	0.08951
3.35005	0.49251	0.08623
3.69983	0.49249	0.08636
2.56720	-0.49570	0.06542
3.60023	0.49243	0.08668
3.85192	0.49191	0.08959
3.65002	0.49247	0.08647
3.90910	0.49093	0.09482
3.40010	0.49250	0.08628
3.74994	0.49237	0.08700
3.25000	0.49251	0.08619
3.14998	0.49251	0.08620
3.04998	0.49251	0.08621
2.95001	0.49252	0.08617
2.84980	0.49245	0.08654
2.74947	0.49202	0.08895
2.65504	0.49269	0.08520
2.58661	-0.07573	0.49423
2.58671	0.22012	0.44894
2.58659	0.02530	0.49936
2.58752	0.34445	0.36242
3.86324	-0.49469	0.07268
3.81353	-0.49501	0.07047
3.76396	-0.49505	0.07019
3.71390	-0.49534	0.06813
3.66367	-0.49544	0.06736
3.61369	-0.49542	0.06751
3.56381	-0.49541	0.06759
3.51383	-0.49544	0.06741
3.46375	-0.49547	0.06714
3.41364	-0.49550	0.06695
3.36357	-0.49551	0.06686
3.31355	-0.49551	0.06683
3.26355	-0.49551	0.06682
3.21356	-0.49552	0.06682
3.16358	-0.49551	0.06682
3.11362	-0.49551	0.06683
3.06369	-0.49551	0.06684
3.01388	-0.49552	0.06681
2.96433	-0.49554	0.06662
2.91516	-0.49560	0.06615
2.86622	-0.49569	0.06554
2.81719	-0.49568	0.06562
2.76877	-0.49550	0.06696
2.72330	-0.49540	0.06768
2.68387	-0.49598	0.06326
2.58910	0.41083	0.28499
2.58686	0.26439	0.42438
3.50025	0.49246	0.08653
2.58659	0.07568	0.49424
2.58665	-0.17370	0.46886
2.58672	-0.26455	0.42428
2.58664	-0.34444	0.36244
2.58665	-0.41021	0.28588
2.58854	-0.45921	0.19780
2.58756	-0.48908	0.10392
3.55031	0.49243	0.08667
3.19999	0.49251	0.08620
3.30002	0.49251	0.08620
3.09998	0.49251	0.08621
2.99999	0.49251	0.08620
2.89998	0.49252	0.08619
2.79948	0.49227	0.08757
2.70082	0.49206	0.08874
2.61440	0.49363	0.07958
2.64025	-0.49395	0.07754
2.60160	-0.49590	0.06388
3.86844	0.44956	0.21886
3.86783	0.42499	0.26341
3.86843	0.39584	0.30546
3.86905	0.36260	0.34426
3.86937	0.32577	0.37931
3.86957	0.28566	0.41036
3.86971	0.24267	0.43716
3.86982	0.19721	0.45947
3.86992	0.14972	0.47706
3.87000	0.10069	0.48976
3.87005	0.05063	0.49743
3.87009	0.00004	0.50000
3.87012	-0.05053	0.49744
3.87013	-0.10058	0.48978
3.87013	-0.14959	0.47710
3.87011	-0.19704	0.45954
3.87006	-0.24244	0.43729
3.86999	-0.28529	0.41062
3.86992	-0.32508	0.37990
3.87000	-0.36132	0.34561
3.87041	-0.39357	0.30839
3.87137	-0.42146	0.26902
3.87282	-0.44481	0.22836
3.87373	-0.46362	0.18724
3.87414	-0.47785	0.14717
3.87011	-0.48802	0.10878
2.63667	0.45078	0.21632
2.67142	0.48215	0.13242
3.42520	0.48316	0.12867
2.72199	0.48151	0.13472
2.62991	0.14957	0.47711
2.62990	-0.36231	0.34457
2.63331	0.47087	0.16818
2.62995	-0.14974	0.47705
2.77366	0.48242	0.13142
2.62990	-0.05061	0.49743
3.52555	0.48303	0.12914
2.63008	-0.24278	0.43710
2.63010	-0.32574	0.37933
2.62988	0.05053	0.49744
2.63010	-0.42401	0.26499
3.67484	0.48317	0.12863
3.77334	0.48286	0.12978
2.97497	0.48321	0.12847
3.32505	0.48320	0.12851
2.62988	0.10058	0.48978
2.63050	0.28535	0.41058
3.37509	0.48319	0.12855
3.72406	0.48323	0.12842
3.17497	0.48321	0.12849
3.07494	0.48320	0.12851
3.02495	0.48320	0.12851
2.87512	0.48327	0.12826
2.82473	0.48307	0.12900
2.63512	-0.46876	0.17396
2.63174	0.36215	0.34474
2.62998	0.19704	0.45954
2.62989	-0.00003	0.50000
2.63096	0.32538	0.37964
3.82133	-0.48887	0.10489
3.77188	-0.48843	0.10693
3.72163	-0.48946	0.10213
3.67141	-0.48976	0.10068
3.62167	-0.48966	0.10115
3.57195	-0.48961	0.10140
3.52193	-0.48968	0.10107
3.47173	-0.48978	0.10058
3.42151	-0.48985	0.10024
3.37138	-0.48988	0.10007
3.32133	-0.48990	0.10001
3.27133	-0.48990	0.10000
3.22135	-0.48990	0.10000
3.17139	-0.48990	0.10000
3.12144	-0.48989	0.10002
3.07150	-0.48989	0.10005
3.02165	-0.48988	0.10008
2.97209	-0.48990	0.09999
2.92314	-0.49001	0.09946
2.87503	-0.49025	0.09825
2.82689	-0.49040	0.09750
2.77811	-0.48997	0.09965
2.72957	-0.48903	0.10415
2.68301	-0.48964	0.10126
2.63284	0.39548	0.30593
2.63017	0.24244	0.43729
3.47534	0.48311	0.12886
2.62992	-0.10068	0.48976
3.22499	0.48321	0.12848
2.63461	0.42512	0.26320
3.82645	0.48027	0.13908
3.57565	0.48297	0.12938
3.12496	0.48321	0.12850
2.63190	-0.44865	0.22072
3.87390	0.48315	0.12870
2.62365	0.48506	0.12131
2.63000	-0.19727	0.45944
2.63015	-0.28577	0.41029
2.62975	-0.39514	0.30637
3.62550	0.48299	0.12930
3.86968	0.46940	0.17224
2.63675	-0.48372	0.12656
3.27501	0.48321	0.12849
2.92507	0.48324	0.12835
2.67322	-0.07575	0.49423
3.74702	0.47042	0.16941
3.82375	0.41108	0.28463
3.82514	0.37960	0.32543
3.82553	0.34459	0.36230
3.82586	0.30606	0.39538
3.82607	0.26448	0.42432
3.82624	0.22022	0.44889
3.82641	0.17371	0.46886
3.82656	0.12539	0.48402
3.82668	0.07578	0.49422
3.82676	0.02539	0.49936
3.82681	-0.02525	0.49936
3.82684	-0.07561	0.49425
3.82686	-0.12519	0.48407
3.82685	-0.17347	0.46895
3.82680	-0.21995	0.44902
3.82668	-0.26413	0.42454
3.82649	-0.30552	0.39580
3.82631	-0.34361	0.36322
3.82637	-0.37788	0.32742
3.82709	-0.40789	0.28918
3.82888	-0.43331	0.24948
3.83173	-0.45400	0.20948
3.83165	-0.47034	0.16965
3.83483	-0.48141	0.13507
2.67276	-0.40987	0.28637
2.67368	-0.30633	0.39517
2.67318	0.02525	0.49936
2.67383	0.26397	0.42464
2.67792	-0.45898	0.19833
3.50067	0.47004	0.17048
3.40018	0.47023	0.16994
3.60148	0.46970	0.17141
2.68152	0.43835	0.24052
3.30004	0.47028	0.16982
2.74783	0.46803	0.17593
2.67381	-0.43647	0.24392
2.67306	-0.37919	0.32591
2.68890	0.46437	0.18536
2.67527	0.34363	0.36320
2.67329	-0.17376	0.46884
2.68911	-0.47783	0.14723
2.67356	-0.26475	0.42415
3.82614	0.46080	0.19407
3.82237	0.43842	0.24039
2.94990	0.47030	0.16976
3.04985	0.47027	0.16984
3.65127	0.46983	0.17106
2.67318	0.12514	0.48409
2.67341	-0.22040	0.44880
2.67320	-0.02537	0.49936
2.67440	0.30539	0.39590
3.72988	-0.48114	0.13604
3.68034	-0.48184	0.13354
3.63143	-0.48148	0.13482
3.58200	-0.48131	0.13544
3.53183	-0.48147	0.13484
3.48136	-0.48171	0.13400
3.43093	-0.48187	0.13341
3.38069	-0.48195	0.13312
3.33059	-0.48198	0.13301
3.28058	-0.48199	0.13299
3.23062	-0.48199	0.13299
3.18069	-0.48199	0.13299
3.13077	-0.48199	0.13300
3.08084	-0.48197	0.13305
3.03092	-0.48194	0.13316
2.98118	-0.48192	0.13326
2.93205	-0.48199	0.13300
2.88431	-0.48235	0.13168
2.83864	-0.48314	0.12874
2.79151	-0.48284	0.12986
2.74503	-0.48043	0.13851
2.67629	0.37854	0.32666
3.45033	0.47017	0.17013
2.67324	-0.12538	0.48402
3.19996	0.47028	0.16981
2.67799	0.41003	0.28614
2.67324	0.17342	0.46896
3.55109	0.46986	0.17098
2.99981	0.47027	0.16983
3.09989	0.47027	0.16983
3.35008	0.47027	0.16985
2.67317	0.07560	0.49425
2.67356	-0.34460	0.36229
2.67344	0.21983	0.44908
3.25000	0.47028	0.16981
3.69946	0.47058	0.16898
2.90023	0.47044	0.16938
3.79001	0.47016	0.17015
3.14993	0.47028	0.16982
2.80021	0.47012	0.17026
2.85073	0.47066	0.16876
3.17490	0.45382	0.20987
2.71664	0.19666	0.45970
3.78143	0.36248	0.34439
3.78197	0.32568	0.37938
3.78225	0.28559	0.41041
3.78245	0.24265	0.43718
3.78270	0.19724	0.45945
3.78299	0.14977	0.47704
3.78322	0.10074	0.48975
3.78338	0.05067	0.49743
3.78348	0.00010	0.50000
3.78354	-0.05045	0.49745
3.78358	-0.10045	0.48981
3.78360	-0.14940	0.47716
3.78357	-0.19681	0.45964
3.78345	-0.24219	0.43743
3.78319	-0.28505	0.41079
3.78278	-0.32490	0.38006
3.78235	-0.36123	0.34570
3.78237	-0.39354	0.30842
3.78376	-0.42139	0.26913
3.78734	-0.44454	0.22887
3.79433	-0.46238	0.19027
3.78163	-0.47717	0.14936
3.47557	0.45358	0.21039
2.71691	-0.24303	0.43696
2.72514	-0.46617	0.18079
3.62865	0.45251	0.21269
3.77339	0.45140	0.21503
2.71709	-0.36264	0.34422
3.37515	0.45378	0.20995
3.27503	0.45382	0.20987
2.71808	-0.44695	0.22414
2.72997	0.44794	0.22214
2.71567	-0.42316	0.26633
2.71587	-0.39492	0.30666
2.71706	0.24188	0.43760
3.72437	0.45616	0.20473
2.71650	-0.00009	0.50000
3.22497	0.45382	0.20987
3.77708	0.42504	0.26333
2.71747	-0.32627	0.37888
3.78136	0.39525	0.30623
2.92444	0.45387	0.20977
2.71888	0.32425	0.38061
2.71785	0.28453	0.41115
2.71667	-0.19737	0.45939
2.71654	-0.10070	0.48975
2.71645	0.10038	0.48982
3.73270	-0.47047	0.16929
3.69061	-0.47185	0.16539
3.64407	-0.47073	0.16857
3.59502	-0.47018	0.17008
3.54424	-0.47058	0.16899
3.49318	-0.47110	0.16753
3.44238	-0.47145	0.16653
3.39195	-0.47163	0.16604
3.34178	-0.47169	0.16585
3.29175	-0.47171	0.16581
3.24180	-0.47170	0.16582
3.19191	-0.47170	0.16583
3.14207	-0.47170	0.16584
3.09224	-0.47169	0.16586
3.04233	-0.47165	0.16598
2.99236	-0.47154	0.16629
2.94264	-0.47144	0.16655
2.89398	-0.47166	0.16594
2.84840	-0.47273	0.16288
2.80951	-0.47498	0.15619
2.72140	0.39323	0.30881
2.72019	0.36052	0.34645
3.42525	0.45372	0.21008
3.02460	0.45383	0.20985
2.71659	-0.14979	0.47703
2.71649	0.14930	0.47719
3.52612	0.45333	0.21094
2.97449	0.45382	0.20987
3.07472	0.45383	0.20985
3.32508	0.45381	0.20989
2.71647	0.05044	0.49745
3.67922	0.45300	0.21164
2.71721	-0.28618	0.41000
2.72336	0.42232	0.26767
2.71652	-0.05065	0.49743
3.57721	0.45291	0.21182
2.87536	0.45434	0.20876
2.77859	0.45365	0.21025
3.12483	0.45382	0.20987
2.77025	-0.47088	0.16815
2.76055	-0.26517	0.42389
3.73835	0.30590	0.39551
3.73840	0.26441	0.42437
3.73865	0.22026	0.44887
3.73914	0.17377	0.46883
3.73959	0.12544	0.48401
3.73992	0.07581	0.49422
3.74011	0.02543	0.49935
3.74022	-0.02516	0.49937
3.74029	-0.07545	0.49427
3.74034	-0.12493	0.48414
3.74036	-0.17309	0.46908
3.74030	-0.21947	0.44926
3.74005	-0.26360	0.42487
3.73951	-0.30501	0.39619
3.73867	-0.34327	0.36355
3.73774	-0.37788	0.32743
3.73767	-0.40835	0.28853
3.74071	-0.43430	0.24776
3.74868	-0.45677	0.20337
3.73661	0.37973	0.32528
2.75996	-0.17383	0.46881
3.60396	0.43215	0.25149
2.76435	0.34178	0.36494
2.76107	0.26289	0.42531
2.76248	0.30404	0.39694
2.76599	0.37598	0.32960
3.14978	0.43396	0.24835
3.45033	0.43377	0.24868
2.75733	-0.40950	0.28690
3.19990	0.43396	0.24835
2.76400	-0.45483	0.20768
3.25002	0.43396	0.24834
2.82766	0.45543	0.20636
3.71951	0.43349	0.24918
2.76679	0.40602	0.29180
2.75975	0.07539	0.49428
2.76174	-0.34579	0.36115
3.73778	0.34464	0.36225
2.75983	0.17288	0.46916
3.73970	0.40837	0.28851
2.76123	-0.30716	0.39453
2.75985	-0.07578	0.49422
3.35016	0.43393	0.24840
2.75989	-0.12543	0.48401
2.76069	-0.38010	0.32484
2.75983	-0.02544	0.49935
2.76768	0.43184	0.25203
2.76012	-0.22054	0.44874
3.70543	-0.46073	0.19423
3.66251	-0.45741	0.20194
3.61278	-0.45555	0.20610
3.55964	-0.45652	0.20393
3.50734	-0.45763	0.20143
3.45595	-0.45835	0.19978
3.40526	-0.45872	0.19895
3.35498	-0.45886	0.19861
3.30493	-0.45890	0.19853
3.25498	-0.45889	0.19855
3.20514	-0.45887	0.19860
3.15541	-0.45886	0.19862
3.10578	-0.45887	0.19860
3.05610	-0.45885	0.19864
3.00616	-0.45870	0.19899
2.95588	-0.45835	0.19979
2.90554	-0.45813	0.20030
2.85529	-0.45888	0.19857
2.80885	-0.46233	0.19039
3.40024	0.43388	0.24849
3.04940	0.43404	0.24822
3.09961	0.43399	0.24829
2.75975	0.12476	0.48419
3.50072	0.43352	0.24911
3.30010	0.43396	0.24836
2.75979	0.02513	0.49937
3.65903	0.43095	0.25354
2.76019	0.21907	0.44946
2.75893	-0.43491	0.24668
2.89749	0.43384	0.24855
2.99907	0.43406	0.24818
3.55169	0.43306	0.24992
2.94856	0.43407	0.24816
3.52551	0.41012	0.28601
3.69409	0.24272	0.43713
3.69484	0.19735	0.45940
3.69563	0.14983	0.47702
3.69627	0.10073	0.48975
3.69665	0.05066	0.49743
3.69685	0.00015	0.50000
3.69696	-0.05028	0.49747
3.69706	-0.10013	0.48987
3.69714	-0.14889	0.47732
3.69716	-0.19607	0.45995
3.69700	-0.24122	0.43796
3.69650	-0.28391	0.41158
3.69547	-0.32375	0.38103
3.69381	-0.36036	0.34661
3.69184	-0.39332	0.30871
3.69110	-0.42208	0.26805
3.69733	-0.44467	0.22862
2.80581	-0.32779	0.37756
2.80836	0.32223	0.38232
2.81102	0.35825	0.34879
2.80326	-0.14982	0.47703
3.69339	0.36333	0.34350
2.80398	0.24046	0.43838
3.22496	0.41086	0.28494
2.80319	-0.05069	0.49742
2.81325	0.39074	0.31197
2.84912	0.43539	0.24583
2.80321	-0.10073	0.48975
2.79470	-0.42241	0.26752
3.07426	0.41101	0.28473
2.80369	-0.24319	0.43688
2.80563	0.28280	0.41234
2.80450	-0.28680	0.40957
3.63898	-0.43594	0.24487
3.57739	-0.43853	0.24018
3.52308	-0.44082	0.23597
3.47105	-0.44223	0.23332
3.42011	-0.44295	0.23194
3.36973	-0.44326	0.23134
3.31964	-0.44335	0.23117
3.26969	-0.44334	0.23119
3.21989	-0.44328	0.23130
3.17025	-0.44323	0.23140
3.12087	-0.44322	0.23142
3.07170	-0.44329	0.23129
3.02235	-0.44325	0.23137
2.97226	-0.44273	0.23236
2.92134	-0.44172	0.23427
2.86944	-0.44144	0.23480
2.81265	-0.44357	0.23074
3.37534	0.41077	0.28507
2.80306	0.14857	0.47742
3.12451	0.41088	0.28492
3.57619	0.40945	0.28697
2.80309	0.05020	0.49747
3.27515	0.41085	0.28495
3.42530	0.41071	0.28517
3.69473	0.32530	0.37971
2.80315	-0.00018	0.50000
3.62955	0.40731	0.28999
2.80328	0.19554	0.46018
3.68855	0.40180	0.29758
2.86422	0.40852	0.28829
2.80338	-0.19744	0.45937
3.69406	0.28542	0.41053
3.17473	0.41085	0.28496
2.80691	0.43948	0.23844
3.02382	0.41117	0.28450
2.80729	-0.36569	0.34099
2.80390	-0.39790	0.30278
2.81175	0.41818	0.27410
2.80305	0.09992	0.48991
3.47539	0.41053	0.28543
3.32528	0.41082	0.28500
2.92189	0.41157	0.28393
3.14941	0.38465	0.31944
2.97312	0.41123	0.28441
3.65121	0.17383	0.46881
3.65232	0.12533	0.48404
3.65305	0.07566	0.49424
3.65340	0.02537	0.49936
3.65358	-0.02506	0.49937
3.65371	-0.07513	0.49432
3.65386	-0.12431	0.48430
3.65399	-0.17212	0.46944
3.65397	-0.21806	0.44994
3.65362	-0.26171	0.42603
3.65268	-0.30270	0.39796
3.65081	-0.34075	0.36590
3.64773	-0.37570	0.32993
3.64332	-0.40709	0.29031
2.84642	0.07491	0.49436
3.64972	0.30552	0.39580
2.83938	-0.42036	0.27074
3.45052	0.38451	0.31961
2.84668	-0.17382	0.46882
3.25015	0.38471	0.31937
2.84637	0.12401	0.48438
3.50018	0.38411	0.32010
3.64785	0.37787	0.32743
3.59142	-0.41565	0.27791
2.84659	-0.12541	0.48402
2.85117	0.30128	0.39904
3.30043	0.38466	0.31943
2.85826	0.37406	0.33178
3.64863	0.26478	0.42414
2.84686	0.21701	0.45045
2.84877	-0.30753	0.39424
2.84660	-0.07585	0.49421
3.53809	-0.42006	0.27121
3.48620	-0.42266	0.26712
3.43530	-0.42406	0.26490
3.38492	-0.42470	0.26387
3.33481	-0.42492	0.26352
3.28487	-0.42492	0.26352
3.23509	-0.42481	0.26370
3.18551	-0.42466	0.26393
3.13627	-0.42454	0.26413
3.08763	-0.42458	0.26407
3.03958	-0.42489	0.26357
2.99087	-0.42471	0.26386
2.94082	-0.42292	0.26671
2.88971	-0.42009	0.27116
2.85633	0.33941	0.36715
3.54918	0.38341	0.32093
3.19981	0.38470	0.31939
3.35064	0.38458	0.31953
2.84643	0.17160	0.46963
3.40067	0.38450	0.31962
2.84751	-0.26514	0.42391
3.65269	0.34261	0.36417
3.64962	0.22060	0.44871
2.84655	-0.02551	0.49935
3.59771	0.38323	0.32115
2.84649	0.02493	0.49938
2.84693	-0.22051	0.44875
2.90000	0.38766	0.31579
3.09906	0.38477	0.31930
2.84809	0.26036	0.42686
2.85142	-0.34802	0.35900
3.04868	0.38525	0.31871
3.60798	0.14945	0.47714
2.91078	0.35624	0.35084
3.60922	0.10025	0.48985
3.60984	0.05031	0.49746
3.61010	0.00004	0.50000
3.61027	-0.05008	0.49749
3.61047	-0.09952	0.49000
3.61071	-0.14777	0.47767
3.61088	-0.19431	0.46070
3.61076	-0.23867	0.43936
3.61005	-0.28044	0.41395
3.60838	-0.31931	0.38476
3.60522	-0.35513	0.35197
3.59970	-0.38730	0.31623
2.89021	-0.19731	0.45942
2.85756	-0.38901	0.31411
2.88986	0.04983	0.49751
3.42659	0.35535	0.35175
2.88978	0.09925	0.49005
3.47583	0.35585	0.35124
3.60289	0.24375	0.43656
3.60582	0.19743	0.45937
2.89223	0.27833	0.41537
2.94657	0.38559	0.31830
2.89001	0.19332	0.46111
2.89052	0.23705	0.44024
3.22506	0.35574	0.35135
3.27554	0.35570	0.35139
2.89007	-0.10081	0.48973
3.52518	0.35420	0.35290
3.54994	-0.39489	0.30670
3.12379	0.35548	0.35161
3.49954	-0.39941	0.30078
3.44927	-0.40195	0.29738
3.39913	-0.40323	0.29565
3.34907	-0.40372	0.29497
3.29916	-0.40376	0.29493
3.24944	-0.40357	0.29518
3.19990	-0.40330	0.29554
3.15064	-0.40296	0.29601
3.10209	-0.40268	0.29640
3.05505	-0.40296	0.29601
3.00969	-0.40429	0.29419
2.96234	-0.40294	0.29604
2.91393	-0.39692	0.30407
3.17450	0.35568	0.35142
3.32599	0.35559	0.35151
2.88978	0.14741	0.47778
3.37642	0.35543	0.35167
2.89004	-0.14978	0.47704
2.89168	-0.28585	0.41023
2.89003	-0.05082	0.49741
2.99779	0.38566	0.31822
2.89077	-0.24286	0.43706
3.60151	0.28728	0.40923
2.88995	-0.00038	0.50000
3.07328	0.35593	0.35116
2.89811	0.31774	0.38606
2.89356	-0.32619	0.37895
3.61528	0.35708	0.34999
3.57221	0.35320	0.35391
2.93323	0.07443	0.49443
3.56518	0.12413	0.48435
3.56617	0.07475	0.49438
3.56650	0.02480	0.49938
3.56668	-0.02517	0.49937
3.56690	-0.07471	0.49439
3.56725	-0.12324	0.48457
3.56763	-0.17020	0.47014
3.56782	-0.21507	0.45138
3.56744	-0.25738	0.42867
3.56609	-0.29675	0.40242
3.56332	-0.33297	0.37300
3.55811	-0.36560	0.34108
2.93346	0.16979	0.47029
3.14912	0.32404	0.38079
3.60621	0.32572	0.37935
3.45436	0.32342	0.38132
2.93521	-0.26441	0.42437
2.93404	0.25513	0.43001
3.25052	0.32422	0.38063
2.89822	-0.36396	0.34284
2.93376	0.21403	0.45188
2.93362	-0.12556	0.48398
3.50077	0.32683	0.37839
2.93413	-0.22039	0.44881
3.50983	-0.37260	0.33342
3.19989	0.32421	0.38064
3.46077	-0.37687	0.32858
3.41122	-0.37922	0.32587
3.36137	-0.38025	0.32467
3.31154	-0.38038	0.32452
3.26195	-0.38007	0.32488
3.21259	-0.37966	0.32536
3.16332	-0.37912	0.32599
3.11430	-0.37823	0.32702
3.06670	-0.37753	0.32783
3.02250	-0.37897	0.32617
2.98397	-0.38378	0.32049
2.93362	-0.07600	0.49419
2.93355	-0.02573	0.49934
3.55896	0.22039	0.44881
3.30118	0.32406	0.38077
2.93321	0.12319	0.48459
3.35197	0.32388	0.38092
2.93362	-0.17384	0.46881
3.40325	0.32367	0.38110
3.55108	0.31469	0.38855
3.09742	0.32310	0.38158
2.93659	-0.30497	0.39623
2.93342	0.02454	0.49940
3.02279	0.35761	0.34945
2.93539	0.29304	0.40513
2.94418	-0.37471	0.33105
2.97029	0.35829	0.34875
3.56300	0.17270	0.46923
3.55306	0.26739	0.42249
2.94636	0.32870	0.37678
3.51743	0.19414	0.46077
3.52286	0.04908	0.49759
3.52292	-0.00065	0.50000
3.52306	-0.05012	0.49748
3.52346	-0.09879	0.49014
3.52405	-0.14601	0.47821
3.52467	-0.19122	0.46199
3.52480	-0.23392	0.44190
3.52387	-0.27364	0.41847
3.52147	-0.31002	0.39229
3.51695	-0.34270	0.36408
2.97722	-0.00078	0.50000
3.22540	0.29045	0.40699
2.97690	0.14643	0.47808
3.49451	0.28797	0.40875
2.97749	0.19175	0.46177
2.97786	0.23412	0.44180
2.97855	-0.24320	0.43687
2.97726	-0.15006	0.47695
3.27609	0.29035	0.40706
3.46944	-0.34928	0.35778
3.43227	0.28986	0.40741
3.42088	-0.35329	0.35382
3.37153	-0.35524	0.35186
3.32192	-0.35559	0.35151
3.27261	-0.35502	0.35208
3.22362	-0.35439	0.35271
3.17478	-0.35383	0.35328
3.12559	-0.35255	0.35455
3.07581	-0.34979	0.35727
3.02749	-0.34902	0.35803
2.98284	-0.35716	0.34991
2.97735	-0.10103	0.48969
2.97737	-0.05103	0.49739
3.52084	0.14677	0.47797
2.97681	0.04936	0.49756
2.97657	0.09876	0.49015
3.32714	0.28998	0.40732
2.97742	-0.19762	0.45929
3.50981	0.24083	0.43818
3.37857	0.29009	0.40725
3.52235	0.09830	0.49024
2.98133	-0.28595	0.41017
3.04677	0.32494	0.38002
3.17492	0.29031	0.40709
2.93877	-0.34195	0.36479
2.97695	0.27204	0.41952
2.99735	0.32995	0.37568
3.12436	0.29033	0.40707
3.47899	-0.02578	0.49933
3.47924	-0.07477	0.49438
3.47989	-0.12207	0.48487
3.48097	-0.16752	0.47110
3.48196	-0.21042	0.45357
3.48186	-0.25045	0.43276
3.47983	-0.28698	0.40944
3.47568	-0.31942	0.38467
3.02091	0.16954	0.47038
3.02200	0.21421	0.45179
3.02092	-0.17423	0.46866
3.02143	-0.02605	0.49932
3.42865	-0.32583	0.37925
3.47915	0.07260	0.49470
3.20032	0.25451	0.43038
3.38030	-0.32936	0.37619
3.33122	-0.33014	0.37551
3.28249	-0.32908	0.37644
3.23409	-0.32801	0.37737
3.18587	-0.32732	0.37797
3.13849	-0.32676	0.37845
3.08928	-0.32258	0.38203
3.03466	-0.31221	0.39054
3.02121	-0.12588	0.48389
3.02144	-0.07624	0.49415
3.47633	0.16746	0.47112
3.02085	0.02419	0.49941
3.02001	0.07392	0.49451
3.30156	0.25444	0.43042
3.25068	0.25476	0.43023
2.97454	0.30429	0.39675
3.06821	0.28460	0.41110
3.47900	0.02354	0.49945
3.40459	0.25548	0.42980
3.02131	-0.22109	0.44846
3.47857	0.12071	0.48521
3.02221	0.25666	0.42910
3.45839	0.25398	0.43069
3.15048	0.25403	0.43066
3.01985	0.12243	0.48478
2.98318	-0.32419	0.38066
3.35346	0.25336	0.43105
3.47184	0.21175	0.45295
3.02391	-0.26619	0.42325
3.43506	-0.09885	0.49013
3.43624	-0.14469	0.47861
3.43813	-0.18740	0.46355
3.44000	-0.22751	0.44524
3.43914	-0.26436	0.42440
3.43504	-0.29660	0.40253
3.06617	0.19255	0.46144
3.22545	0.21722	0.45035
3.06609	-0.05124	0.49737
3.43489	0.04728	0.49776
3.38873	-0.30279	0.39789
3.06256	0.09780	0.49034
3.06566	-0.00085	0.50000
3.27536	0.21761	0.45016
3.06423	-0.19778	0.45922
3.01646	0.29546	0.40336
3.43464	-0.00168	0.50000
3.34080	-0.30455	0.39654
3.29329	-0.30254	0.39808
3.24580	-0.30067	0.39950
3.19797	-0.29979	0.40016
3.15060	-0.29876	0.40093
3.11040	-0.29949	0.40038
3.06531	-0.15045	0.47683
3.06283	0.14570	0.47830
3.06580	-0.10136	0.48962
3.06438	0.04901	0.49759
3.43516	0.14215	0.47937
3.43578	0.09525	0.49084
3.43464	-0.05081	0.49741
3.38252	0.21187	0.45289
3.17491	0.21668	0.45061
3.06629	0.23675	0.44040
3.42919	0.22445	0.44679
3.06550	-0.24351	0.43670
3.06993	-0.28522	0.41067
3.43141	0.18638	0.46397
3.32644	0.21677	0.45057
3.11116	-0.07642	0.49413
3.39262	-0.16605	0.47162
3.39614	-0.20666	0.45529
3.39998	-0.24221	0.43742
3.39702	-0.27490	0.41765
3.11118	-0.02579	0.49933
3.39046	0.07111	0.49492
3.10519	0.25642	0.42924
3.25007	0.17869	0.46698
3.10609	0.16739	0.47115
3.35167	-0.27927	0.41474
3.30670	-0.27539	0.41732
3.26080	-0.27204	0.41952
3.21291	-0.27100	0.42019
3.16496	-0.27051	0.42051
3.10981	-0.17485	0.46843
3.11059	-0.12642	0.48375
3.11025	0.02475	0.49939
3.38972	-0.07525	0.49431
3.10745	0.07384	0.49452
3.38988	0.02245	0.49950
3.39060	-0.12241	0.48479
3.11780	0.21463	0.45159
3.10312	0.12047	0.48527
3.39427	0.11737	0.48603
3.11333	-0.26542	0.42373
3.34651	0.17775	0.46734
3.10610	-0.22021	0.44890
3.38962	-0.02672	0.49929
3.20224	0.17749	0.46744
3.29834	0.17974	0.46658
3.39261	0.16408	0.47231
3.34564	-0.14575	0.47829
3.35960	0.13933	0.48019
3.13880	0.14073	0.47979
3.35634	-0.22497	0.44653
3.36507	-0.25502	0.43008
3.15402	0.17780	0.46732
3.15704	-0.05104	0.49739
3.34388	-0.05158	0.49733
3.27956	-0.24144	0.43784
3.23163	-0.24007	0.43860
3.18392	-0.24012	0.43857
3.34455	0.09730	0.49044
3.15681	0.00036	0.50000
3.15554	0.05185	0.49730
3.15623	-0.15113	0.47661
3.34467	0.04661	0.49782
3.34952	-0.18834	0.46317
3.14907	0.09987	0.48992
3.34430	-0.09996	0.48991
3.31956	0.14166	0.47951
3.34411	-0.00255	0.49999
3.32547	-0.24858	0.43383
3.15681	-0.10162	0.48956
3.15645	-0.20053	0.45803
3.22747	0.13558	0.48127
3.14269	-0.23956	0.43887
3.20329	0.08494	0.49273
3.18093	0.13596	0.48116
3.29792	0.02150	0.49954
3.27398	0.14102	0.47970
3.29808	-0.12489	0.48415
3.25347	-0.20037	0.45810
3.20322	-0.12628	0.48379
3.20348	-0.07656	0.49410
3.20344	-0.02544	0.49935
3.29753	-0.02736	0.49925
3.20330	0.02719	0.49926
3.29754	-0.07667	0.49409
3.30030	-0.17142	0.46970
3.30910	-0.21285	0.45243
3.25678	0.09656	0.49059
3.29915	0.06765	0.49540
3.29895	0.10813	0.48817
3.20315	-0.17251	0.46930
3.20458	-0.21072	0.45343
3.25066	-0.10168	0.48955
3.25049	-0.00129	0.50000
3.25108	0.04899	0.49759
3.25119	-0.15091	0.47668
3.25046	-0.05182	0.49731
