2262	3
0.0497952	0.0150001	-0.0360698
0.0597952	0.0150001	-0.0187493
0.01	0.013607	0.0642351
-0.01	0.013607	0.0642351
-0.0508056	0.015	-0.0366531
0.051135	0.015	-0.0137493
0.041135	0.015	-0.0310698
-0.01	0.0149544	0.0543263
0.01	0.0149544	0.0543263
-0.0421453	0.015	-0.0316531
0.0497952	-0.00499987	-0.0360698
0.0597952	-0.00499987	-0.0187493
0.01	-0.00639304	0.0642351
-0.01	-0.00639304	0.0642351
-0.0521453	0.015	-0.0143326
-0.0608056	0.015	-0.0193326
-0.0508056	-0.00499996	-0.0366531
0.051135	-0.00499997	-0.0137493
0.041135	-0.00499997	-0.0310698
-0.01	-0.00504558	0.0543263
0.01	-0.00504558	0.0543263
-0.0421453	-0.005	-0.0316531
-0.0378152	-0.02	-0.0291531
-0.005	-0.02	-0.0102073
0.005	-0.02	-0.0102073
0.0368048	-0.02	-0.0285698
0.0468048	-0.02	-0.0112493
0.015	-0.02	0.00711325
0.01	-0.02	0.0157735
0.01	-0.02	0.05
-0.01	-0.02	0.05
-0.0521453	-0.005	-0.0143326
-0.0608056	-0.00499996	-0.0193326
-0.01	-0.02	0.0157735
-0.0378152	-0.01	-0.0291531
-0.005	-0.01	-0.0102073
0.005	-0.01	-0.0102073
0.0368048	-0.01	-0.0285698
0.0468048	-0.01	-0.0112493
0.015	-0.01	0.00711325
0.01	-0.01	0.0157735
0.01	-0.01	0.05
-0.01	-0.01	0.05
-0.01	-0.01	0.0157735
-0.015	-0.02	0.00711325
-0.0478152	-0.02	-0.0118326
-0.015	-0.01	0.00711325
-0.0478152	-0.01	-0.0118326
0.0540275	0.0150001	-0.0154193
0.0569113	0.0150001	-0.0170843
0.0583652	0.0150001	-0.0212261
0.0569352	0.0150001	-0.0237029
0.0555052	0.0150001	-0.0261798
0.0540752	0.0150001	-0.0286566
0.0526452	0.0150001	-0.0311334
0.0512152	0.0150001	-0.0336103
0.0440275	0.0150001	-0.0327398
0.0469113	0.0150001	-0.0344048
0.049705	0.015	-0.0162261
0.048275	0.015	-0.0187029
0.046845	0.015	-0.0211798
0.045415	0.015	-0.0236566
0.043985	0.015	-0.0261334
0.042555	0.015	-0.0286103
0.051135	-0.00213997	-0.0137493
0.051135	0.000720027	-0.0137493
0.051135	0.00358003	-0.0137493
0.051135	0.00644003	-0.0137493
0.051135	0.00930003	-0.0137493
0.051135	0.01216	-0.0137493
0.0540275	-0.00499994	-0.0154193
0.0569113	-0.0049999	-0.0170843
0.0597952	-0.00213987	-0.0187493
0.0597952	0.000720134	-0.0187493
0.0597952	0.00358013	-0.0187493
0.0597952	0.00644013	-0.0187493
0.0597952	0.00930013	-0.0187493
0.0597952	0.0121601	-0.0187493
0.0497952	-0.00213987	-0.0360698
0.0497952	0.000720134	-0.0360698
0.0497952	0.00358013	-0.0360698
0.0497952	0.00644013	-0.0360698
0.0497952	0.00930013	-0.0360698
0.0497952	0.0121601	-0.0360698
0.0469027	-0.0049999	-0.0343998
0.0440188	-0.00499994	-0.0327348
0.041135	-0.00213997	-0.0310698
0.041135	0.000720027	-0.0310698
0.041135	0.00358003	-0.0310698
0.041135	0.00644003	-0.0310698
0.041135	0.00930003	-0.0310698
0.041135	0.01216	-0.0310698
-0.01	0.0145044	0.0576358
-0.01	0.0140557	0.0609354
-0.00714	0.013607	0.0642351
-0.00428	0.013607	0.0642351
-0.00142	0.013607	0.0642351
0.00144	0.013607	0.0642351
0.0043	0.013607	0.0642351
0.00716	0.013607	0.0642351
0.01	0.0145044	0.0576358
0.01	0.0140557	0.0609354
-0.00714	0.0149544	0.0543263
-0.00428	0.0149544	0.0543263
-0.00142	0.0149544	0.0543263
0.00144	0.0149544	0.0543263
0.0043	0.0149544	0.0543263
0.00716	0.0149544	0.0543263
0.01	-0.00353304	0.0642351
0.01	-0.000673044	0.0642351
0.01	0.00218696	0.0642351
0.01	0.00504696	0.0642351
0.01	0.00790696	0.0642351
0.01	0.010767	0.0642351
0.01	-0.00593356	0.0608562
0.01	-0.00547542	0.0574872
0.01	-0.00220558	0.0543263
0.01	0.000654416	0.0543263
0.01	0.00351442	0.0543263
0.01	0.00637442	0.0543263
0.01	0.00923442	0.0543263
0.01	0.0120944	0.0543263
-0.01	-0.00220558	0.0543263
-0.01	0.000654416	0.0543263
-0.01	0.00351442	0.0543263
-0.01	0.00637442	0.0543263
-0.01	0.00923442	0.0543263
-0.01	0.0120944	0.0543263
-0.01	-0.00547677	0.0574971
-0.01	-0.00593491	0.0608661
-0.01	-0.00353304	0.0642351
-0.01	-0.000673044	0.0642351
-0.01	0.00218696	0.0642351
-0.01	0.00504696	0.0642351
-0.01	0.00790696	0.0642351
-0.01	0.010767	0.0642351
-0.0421453	-0.00214	-0.0316531
-0.0421453	0.00072	-0.0316531
-0.0421453	0.00358	-0.0316531
-0.0421453	0.00644	-0.0316531
-0.0421453	0.0093	-0.0316531
-0.0421453	0.01216	-0.0316531
-0.0450378	-0.00499999	-0.0333231
-0.0479217	-0.00499997	-0.0349881
-0.0508056	-0.00213996	-0.0366531
-0.0508056	0.000720043	-0.0366531
-0.0508056	0.00358004	-0.0366531
-0.0508056	0.00644004	-0.0366531
-0.0508056	0.00930004	-0.0366531
-0.0508056	0.01216	-0.0366531
-0.0450378	0.015	-0.0333231
-0.0479217	0.015	-0.0349881
0.0512252	-0.00499987	-0.033593
0.0526552	-0.00499987	-0.0311161
0.0540852	-0.00499987	-0.0286393
0.0555152	-0.00499987	-0.0261625
0.0569452	-0.00499987	-0.0236856
0.0583752	-0.00499987	-0.0212088
0.00714	-0.00639304	0.0642351
0.00428	-0.00639304	0.0642351
0.00142	-0.00639304	0.0642351
-0.00144	-0.00639304	0.0642351
-0.0043	-0.00639304	0.0642351
-0.00716	-0.00639304	0.0642351
-0.0550378	0.015	-0.0160026
-0.0579217	0.015	-0.0176676
-0.0593756	0.015	-0.0218094
-0.0579456	0.015	-0.0242863
-0.0565156	0.015	-0.0267631
-0.0550856	0.015	-0.0292399
-0.0536556	0.015	-0.0317168
-0.0522256	0.015	-0.0341936
-0.0507153	0.015	-0.0168094
-0.0492853	0.015	-0.0192863
-0.0478553	0.015	-0.0217631
-0.0464253	0.015	-0.0242399
-0.0449953	0.015	-0.0267168
-0.0435653	0.015	-0.0291936
-0.0593756	-0.00499996	-0.0218094
-0.0579456	-0.00499996	-0.0242863
-0.0565156	-0.00499996	-0.0267631
-0.0550856	-0.00499996	-0.0292399
-0.0536556	-0.00499996	-0.0317168
-0.0522256	-0.00499996	-0.0341936
-0.0608056	-0.00213996	-0.0193326
-0.0608056	0.000720043	-0.0193326
-0.0608056	0.00358004	-0.0193326
-0.0608056	0.00644004	-0.0193326
-0.0608056	0.00930004	-0.0193326
-0.0608056	0.01216	-0.0193326
0.042575	-0.00499997	-0.0285756
0.043975	-0.00499997	-0.0261508
0.045415	-0.00499997	-0.0236566
0.046755	-0.00499997	-0.0213357
0.048195	-0.00499997	-0.0188415
0.049575	-0.00499997	-0.0164513
0.0490207	-0.0092957	-0.0125286
0.0505215	-0.00756545	-0.0133951
0.0493591	-0.0197072	-0.012724
0.051776	-0.0188582	-0.0141194
0.0540389	-0.0174589	-0.0154259
0.0559904	-0.0156066	-0.0165526
0.057606	-0.0133335	-0.0174853
0.0588142	-0.0107184	-0.0181829
0.0595496	-0.00790313	-0.0186075
0.0468048	-0.01334	-0.0112493
0.0468048	-0.01667	-0.0112493
0.0393591	-0.0197072	-0.0300445
0.0417949	-0.0188492	-0.0314508
0.0440389	-0.0174589	-0.0327464
0.0460049	-0.0155899	-0.0338814
0.0476173	-0.0133139	-0.0348124
0.0488142	-0.0107184	-0.0355034
0.0495496	-0.00790313	-0.035928
0.0389206	-0.00936248	-0.0297913
0.0404862	-0.00763255	-0.0306952
0.0368048	-0.01334	-0.0285698
0.0368048	-0.01667	-0.0285698
0.00748	-0.00504558	0.0543263
0.00498	-0.00504558	0.0543263
0.0025	-0.00504558	0.0543263
0	-0.00504558	0.0543263
-0.0025	-0.00504558	0.0543263
-0.005	-0.00504558	0.0543263
-0.0075	-0.00504558	0.0543263
0.01	-0.0195486	0.0530344
0.01	-0.0184881	0.0559131
0.01	-0.0168631	0.0585151
0.01	-0.0147417	0.0607312
0.01	-0.0122131	0.0624684
0.01	-0.00938345	0.0636535
0.01	-0.00913044	0.0522097
0.01	-0.00734591	0.0537657
0.01	-0.01315	0.05
0.01	-0.01658	0.05
-0.01	-0.00913044	0.0522097
-0.01	-0.00734591	0.0537657
-0.01	-0.0195486	0.0530344
-0.01	-0.0184881	0.0559131
-0.01	-0.0168631	0.0585151
-0.01	-0.0147417	0.0607312
-0.01	-0.0122131	0.0624684
-0.01	-0.00938345	0.0636535
-0.01	-0.01315	0.05
-0.01	-0.01658	0.05
-0.0521453	-0.00214	-0.0143326
-0.0521453	0.00072	-0.0143326
-0.0521453	0.00358	-0.0143326
-0.0521453	0.00644	-0.0143326
-0.0521453	0.0093	-0.0143326
-0.0521453	0.01216	-0.0143326
-0.0507353	-0.005	-0.0167748
-0.0495153	-0.005	-0.0188879
-0.0482153	-0.005	-0.0211396
-0.0470353	-0.005	-0.0231834
-0.0456953	-0.005	-0.0255043
-0.0444953	-0.005	-0.0275828
-0.0433253	-0.005	-0.0296093
-0.0399783	-0.00933144	-0.030402
-0.0415526	-0.0075249	-0.0313109
-0.0403495	-0.0197118	-0.0306163
-0.0427864	-0.0188582	-0.0320232
-0.0450322	-0.017472	-0.0333199
-0.0470008	-0.0156066	-0.0344564
-0.0486163	-0.0133335	-0.0353891
-0.0498167	-0.0107402	-0.0360822
-0.050556	-0.00792632	-0.036509
-0.0378152	-0.01334	-0.0291531
-0.0378152	-0.01667	-0.0291531
0.0453748	-0.02	-0.0137261
0.0439448	-0.02	-0.0162029
0.0425148	-0.02	-0.0186798
0.0410848	-0.02	-0.0211566
0.0396548	-0.02	-0.0236334
0.0382248	-0.02	-0.0261103
-0.00714	-0.02	0.05
-0.00428	-0.02	0.05
-0.00142	-0.02	0.05
0.00144	-0.02	0.05
0.0043	-0.02	0.05
0.00716	-0.02	0.05
-0.057913	-0.00499997	-0.0176626
-0.0550292	-0.00499999	-0.0159976
-0.0463852	-0.02	-0.0143094
-0.0449552	-0.02	-0.0167863
-0.0435252	-0.02	-0.0192631
-0.0420952	-0.02	-0.0217399
-0.0406652	-0.02	-0.0242168
-0.0392352	-0.02	-0.0266936
-0.0503495	-0.0197118	-0.0132958
-0.0527864	-0.0188582	-0.0147027
-0.0550322	-0.017472	-0.0159994
-0.0570008	-0.0156066	-0.0171359
-0.0586163	-0.0133335	-0.0180686
-0.0598245	-0.0107185	-0.0187662
-0.060556	-0.00792632	-0.0191885
0.0441332	-0.01	-0.00970681
0.0414934	-0.01	-0.00818272
0.0388218	-0.01	-0.00664027
0.036182	-0.01	-0.00511618
0.0335422	-0.01	-0.0035921
0.0308706	-0.01	-0.00204964
0.0282308	-0.01	-0.000525556
0.025591	-0.01	0.000998532
0.0229512	-0.01	0.00252262
0.0202796	-0.01	0.00406507
0.0176398	-0.01	0.00558916
0.0441332	-0.02	-0.00970681
0.0414934	-0.02	-0.00818272
0.0388218	-0.02	-0.00664027
0.036182	-0.02	-0.00511618
0.0335422	-0.02	-0.0035921
0.0308706	-0.02	-0.00204964
0.0282308	-0.02	-0.000525556
0.025591	-0.02	0.000998532
0.0229512	-0.02	0.00252262
0.0202796	-0.02	0.00406507
0.0176398	-0.02	0.00558916
0.015	-0.01334	0.00711325
0.015	-0.01667	0.00711325
0.0455348	-0.01	-0.013449
0.0442948	-0.01	-0.0155967
0.0430948	-0.01	-0.0176752
0.0417748	-0.01	-0.0199615
0.0405748	-0.01	-0.0220399
0.0392948	-0.01	-0.024257
0.0380248	-0.01	-0.0264567
0.0106055	-0.01	0.0123467
0.0123418	-0.01	0.00934295
0.0106055	-0.02	0.0123467
0.0123418	-0.02	0.00934295
0.01	-0.01334	0.0157735
0.01	-0.01667	0.0157735
0.0341332	-0.01	-0.0270273
0.0314934	-0.01	-0.0255032
0.0288536	-0.01	-0.0239791
0.026182	-0.01	-0.0224367
0.0235422	-0.01	-0.0209126
0.0209024	-0.01	-0.0193885
0.0182308	-0.01	-0.0178461
0.015591	-0.01	-0.016322
0.0129512	-0.01	-0.0147979
0.0102796	-0.01	-0.0132554
0.0076398	-0.01	-0.0117313
0.0341332	-0.02	-0.0270273
0.0314934	-0.02	-0.0255032
0.0288218	-0.02	-0.0239608
0.026182	-0.02	-0.0224367
0.0235422	-0.02	-0.0209126
0.0208706	-0.02	-0.0193702
0.0182308	-0.02	-0.0178461
0.015591	-0.02	-0.016322
0.0129194	-0.02	-0.0147795
0.0102796	-0.02	-0.0132554
0.0076398	-0.02	-0.0117313
0.005	-0.01334	-0.0102073
0.005	-0.01667	-0.0102073
0.01	-0.01	0.0470907
0.01	-0.01	0.0439419
0.01	-0.01	0.0408273
0.01	-0.01	0.0376785
0.01	-0.01	0.0345638
0.01	-0.01	0.031415
0.01	-0.01	0.0283004
0.01	-0.01	0.0251516
0.01	-0.01	0.022037
0.01	-0.01	0.0188881
0.01	-0.02	0.0468854
0.01	-0.02	0.0437708
0.01	-0.02	0.0406562
0.01	-0.02	0.0375416
0.01	-0.02	0.0344269
0.01	-0.02	0.0313123
0.01	-0.02	0.0281977
0.01	-0.02	0.0250831
0.01	-0.02	0.0219685
0.01	-0.02	0.0188539
0.00172961	-0.01	-0.00901823
-0.00173992	-0.01	-0.00902004
-0.005	-0.01334	-0.0102073
-0.005	-0.01667	-0.0102073
0.00172961	-0.02	-0.00901823
-0.00173992	-0.02	-0.00902004
-0.00748	-0.01	0.05
-0.00498	-0.01	0.05
-0.0025	-0.01	0.05
0	-0.01	0.05
0.0025	-0.01	0.05
0.005	-0.01	0.05
0.0075	-0.01	0.05
-0.0352884	-0.01	-0.0276943
-0.0327616	-0.01	-0.0262354
-0.0302349	-0.01	-0.0247766
-0.0277081	-0.01	-0.0233178
-0.0251813	-0.01	-0.021859
-0.0226546	-0.01	-0.0204001
-0.0201278	-0.01	-0.0189413
-0.017601	-0.01	-0.0174825
-0.0150743	-0.01	-0.0160236
-0.0125475	-0.01	-0.0145648
-0.0100207	-0.01	-0.013106
-0.00749395	-0.01	-0.0116471
-0.0352884	-0.02	-0.0276943
-0.0327616	-0.02	-0.0262354
-0.0302349	-0.02	-0.0247766
-0.0277081	-0.02	-0.0233178
-0.0251813	-0.02	-0.021859
-0.0226546	-0.02	-0.0204001
-0.0201278	-0.02	-0.0189413
-0.017601	-0.02	-0.0174825
-0.0150743	-0.02	-0.0160236
-0.0125475	-0.02	-0.0145648
-0.0100207	-0.02	-0.013106
-0.00749395	-0.02	-0.0116471
-0.01	-0.01	0.0470907
-0.01	-0.01	0.0439419
-0.01	-0.01	0.0408273
-0.01	-0.01	0.0376785
-0.01	-0.01	0.0345638
-0.01	-0.01	0.031415
-0.01	-0.01	0.0283004
-0.01	-0.01	0.0251516
-0.01	-0.01	0.022037
-0.01	-0.01	0.0188881
-0.01	-0.02	0.0468854
-0.01	-0.02	0.0437708
-0.01	-0.02	0.0406562
-0.01	-0.02	0.0375416
-0.01	-0.02	0.0344269
-0.01	-0.02	0.0313123
-0.01	-0.02	0.0281977
-0.01	-0.02	0.0250831
-0.01	-0.02	0.0219685
-0.01	-0.02	0.0188539
-0.01	-0.01334	0.0157735
-0.01	-0.01667	0.0157735
-0.0500369	-0.00929168	-0.0131153
-0.0515284	-0.0075722	-0.0139764
-0.0465952	-0.01	-0.0139457
-0.0453852	-0.01	-0.0160415
-0.0441452	-0.01	-0.0181892
-0.0428652	-0.01	-0.0204062
-0.0416552	-0.01	-0.022502
-0.0403252	-0.01	-0.0248057
-0.0390952	-0.01	-0.0269361
-0.0452884	-0.02	-0.0103738
-0.0427616	-0.02	-0.00891493
-0.0402349	-0.02	-0.0074561
-0.0377081	-0.02	-0.00599727
-0.0351813	-0.02	-0.00453844
-0.0326546	-0.02	-0.00307961
-0.0301278	-0.02	-0.00162078
-0.027601	-0.02	-0.000161954
-0.0250743	-0.02	0.00129688
-0.0225475	-0.02	0.00275571
-0.0200207	-0.02	0.00421453
-0.017494	-0.02	0.00567336
-0.0123351	-0.02	0.00935098
-0.0106019	-0.02	0.0123566
-0.0478152	-0.01334	-0.0118326
-0.0478152	-0.01667	-0.0118326
-0.0123351	-0.01	0.00935098
-0.0106019	-0.01	0.0123566
-0.015	-0.01334	0.00711325
-0.015	-0.01667	0.00711325
-0.0452884	-0.01	-0.0103738
-0.0427616	-0.01	-0.00891493
-0.0402349	-0.01	-0.0074561
-0.0377081	-0.01	-0.00599727
-0.0351813	-0.01	-0.00453844
-0.0326546	-0.01	-0.00307961
-0.0301278	-0.01	-0.00162078
-0.027601	-0.01	-0.000161954
-0.0250743	-0.01	0.00129688
-0.0225475	-0.01	0.00275571
-0.0200207	-0.01	0.00421453
-0.017494	-0.01	0.00567336
0.0544156	0.0150001	-0.0182765
0.056418	0.0150001	-0.0196333
0.0558058	0.0150001	-0.0218776
0.0541035	0.0150001	-0.0238661
0.0523642	0.0150001	-0.026544
0.0509994	0.0150001	-0.0292456
0.0500317	0.0150001	-0.0316373
0.0478638	0.0150001	-0.0303892
0.0457941	0.0150001	-0.0283558
0.0514852	0.0150001	-0.0184821
0.0496817	0.0150001	-0.021139
0.0479167	0.015	-0.0231471
0.0471009	0.0150001	-0.0255458
0.0504617	0.0150001	-0.0241585
0.0532854	0.0150001	-0.0209737
0.0490921	0.0150001	-0.027377
0.0534645	-0.0013837	-0.0150942
0.053517	0.00151065	-0.0151245
0.0536981	0.00450698	-0.0152291
0.053603	0.007694	-0.0151742
0.0534681	0.0108469	-0.0150963
0.0554906	-0.00293053	-0.016264
0.057522	-0.00256056	-0.0174368
0.0577672	4.37604e-07	-0.0175784
0.0580523	0.00234835	-0.017743
0.056866	0.00547331	-0.0170581
0.0579746	0.00826294	-0.0176982
0.0577176	0.0109194	-0.0175498
0.0555748	0.012173	-0.0163126
0.0559081	0.0021846	-0.0165051
0.0557855	0.00927237	-0.0164343
0.0556298	-0.000527582	-0.0163444
0.0474462	-0.00141071	-0.0347136
0.047371	0.00144903	-0.0346702
0.0471429	0.00437321	-0.0345385
0.0470765	0.00754011	-0.0345001
0.0472969	0.0107859	-0.0346274
0.0454273	-0.00294875	-0.033548
0.0433984	-0.00257918	-0.0323766
0.0431396	-4.61524e-05	-0.0322272
0.0428477	0.00224944	-0.0320586
0.0439675	0.00498309	-0.0327052
0.0442303	0.00891981	-0.0328569
0.043113	0.0113943	-0.0322118
0.0451979	0.012196	-0.0334155
0.0449518	0.0020541	-0.0332735
0.0452697	-0.000576949	-0.033457
-0.00776092	0.0142634	0.0594075
-0.00757605	0.0139393	0.0617911
-0.00536074	0.0138584	0.062386
-0.00289315	0.0139225	0.0619143
0.00019271	0.0139661	0.0615939
0.00340638	0.0139702	0.0615636
0.00607556	0.0138967	0.0621041
0.0061759	0.0142527	0.0594862
0.00594214	0.0146293	0.0567174
-0.00615027	0.0145901	0.0570053
-0.00308782	0.0146131	0.0568365
-0.000387251	0.0146523	0.0565483
0.00248107	0.0144584	0.0579738
-0.00148078	0.0142949	0.0591759
-0.00495207	0.014209	0.0598081
0.01	-0.00308126	0.0608909
0.01	-0.000226213	0.0609126
0.01	0.00263108	0.0609235
0.01	0.00548939	0.0609286
0.01	0.00834748	0.0609313
0.01	0.0112036	0.0609332
0.01	-0.00263541	0.0575756
0.01	0.00021669	0.0576081
0.01	0.0030735	0.0576208
0.01	0.0059318	0.0576261
0.01	0.00879018	0.0576288
0.01	0.0116478	0.0576312
-0.01	-0.00118211	0.057605
-0.01	0.00198013	0.0576598
-0.01	0.00497647	0.0577431
-0.01	0.00799397	0.0579374
-0.01	0.0113358	0.0585059
-0.01	0.000519043	0.0609401
-0.01	0.00351985	0.0609983
-0.01	0.00645594	0.0611127
-0.01	0.00932874	0.0613738
-0.01	0.0118196	0.0618916
-0.01	-0.00263893	0.0608855
-0.0444944	-0.00141079	-0.0330093
-0.0445696	0.00144897	-0.0330528
-0.0447979	0.00437316	-0.0331846
-0.0448651	0.00754011	-0.0332234
-0.0446463	0.0107864	-0.033097
-0.0465132	-0.00294879	-0.0341749
-0.0485421	-0.0025792	-0.0353463
-0.0488009	-4.61543e-05	-0.0354957
-0.0490929	0.00224945	-0.0356643
-0.0479734	0.00498311	-0.035018
-0.0477121	0.00892011	-0.0348671
-0.0488301	0.0113943	-0.0355126
-0.0467472	0.0121962	-0.03431
-0.0469888	0.00205408	-0.0344495
-0.0466709	-0.000576984	-0.034266
0.0585343	-0.000954005	-0.0209333
0.0585311	0.00209264	-0.0209387
0.0585134	0.00507584	-0.0209695
0.0584721	0.00812574	-0.0210409
0.0585507	0.0111736	-0.0209048
0.0521112	-0.00274631	-0.0320584
0.0533055	-0.00247072	-0.0299897
0.0547104	-0.00231172	-0.0275563
0.0561489	-0.00230841	-0.0250649
0.0510396	-0.00116039	-0.0339144
0.0511184	0.0018899	-0.033778
0.0510768	0.00494059	-0.0338501
0.0510592	0.00792331	-0.0338805
0.051056	0.0109679	-0.0338859
0.0574793	0.0127517	-0.0227606
0.0562851	0.0124751	-0.0248289
0.0548799	0.0123158	-0.0272628
0.0534412	0.012313	-0.0297548
0.05742	-0.00252858	-0.0228632
0.0521702	0.0125344	-0.0319561
0.0574125	0.00357859	-0.0228763
0.0569475	0.00664733	-0.0236817
0.057239	0.010149	-0.0231768
0.0521776	0.00643483	-0.0319433
0.0523516	-0.000139575	-0.0316419
0.0525271	0.00946094	-0.0313381
0.0538169	0.000387579	-0.029104
0.0553706	0.000551461	-0.0264129
0.0526427	0.00336493	-0.0311378
0.0557736	0.00962002	-0.025715
0.0542196	0.00945627	-0.0284065
0.057063	0.000549544	-0.0234816
0.0535598	0.00645552	-0.0295493
0.0560302	0.00355515	-0.0252704
0.0544293	0.00347249	-0.0280434
0.0551609	0.0065373	-0.0267762
-0.00747809	-0.00234719	0.0642351
-0.00747187	0.000699455	0.0642351
-0.00743636	0.00368266	0.0642351
-0.00735386	0.00673256	0.0642351
-0.00751105	0.00978046	0.0642351
0.00536802	-0.00413949	0.0642351
0.00297933	-0.0038639	0.0642351
0.000169524	-0.0037049	0.0642351
-0.00270736	-0.00370159	0.0642351
0.00751112	-0.00255357	0.0642351
0.00735369	0.000496721	0.0642351
0.0074369	0.00354741	0.0642351
0.00747198	0.00653013	0.0642351
0.00747832	0.00957474	0.0642351
-0.00536818	0.0113585	0.0642351
-0.00297985	0.011082	0.0642351
-0.000169458	0.0109226	0.0642351
0.00270807	0.0109199	0.0642351
-0.00524962	-0.00392176	0.0642351
0.00524996	0.0111413	0.0642351
-0.00523452	0.00218542	0.0642351
-0.00430449	0.00525415	0.0642351
-0.00488757	0.00875577	0.0642351
0.0052352	0.00504165	0.0642351
0.00488716	-0.00153275	0.0642351
0.00453629	0.00806776	0.0642351
0.00195663	-0.0010056	0.0642351
-0.00115076	-0.000841717	0.0642351
0.00430498	0.00197176	0.0642351
-0.00195671	0.00822684	0.0642351
0.00115115	0.00806309	0.0642351
-0.00453565	-0.000843619	0.0642351
0.00247081	0.00506235	0.0642351
-0.00247003	0.00216197	0.0642351
0.000731904	0.00207931	0.0642351
-0.000731289	0.00514412	0.0642351
-0.0555759	0.015	-0.0193702
-0.0580219	0.015	-0.0200054
-0.0565518	0.015	-0.021915
-0.054791	0.015	-0.0242647
-0.0529881	0.015	-0.026862
-0.0516163	0.015	-0.0296879
-0.0508484	0.015	-0.0322263
-0.0484665	0.015	-0.0310477
-0.0462022	0.015	-0.0294417
-0.0524147	0.015	-0.0190775
-0.0507836	0.015	-0.0211995
-0.0507787	0.015	-0.024009
-0.0487589	0.015	-0.0274159
-0.0535317	0.015	-0.0216493
-0.0520536	-0.000984924	-0.0344914
-0.0520379	0.00203494	-0.0345186
-0.0520389	0.00494474	-0.0345169
-0.0521117	0.00793188	-0.0343908
-0.0520812	0.0110398	-0.0344436
-0.0584536	-0.00261766	-0.0234062
-0.0572178	-0.00242888	-0.0255468
-0.0558196	-0.00238265	-0.0279685
-0.0544135	-0.00238254	-0.0304039
-0.0595578	-0.00103187	-0.0214938
-0.0595655	0.00196183	-0.0214805
-0.059519	0.00490742	-0.021561
-0.0594588	0.00797746	-0.0216652
-0.0595378	0.0110859	-0.0215285
-0.0584478	0.0126608	-0.0234163
-0.0572033	0.0123882	-0.025572
-0.055777	0.0124291	-0.0280423
-0.0543962	0.0125416	-0.0304339
-0.0531625	-0.00257115	-0.0325707
-0.0531754	0.0126505	-0.0325485
-0.0531196	0.00346791	-0.0326451
-0.0533823	0.00619643	-0.03219
-0.0535711	0.00973651	-0.0318631
-0.0579144	0.00616885	-0.0243402
-0.0581409	0.000327691	-0.023948
-0.0565681	0.000208872	-0.0266721
-0.0551183	0.000316925	-0.0291833
-0.0584645	0.00326723	-0.0233874
-0.0534969	0.000464408	-0.0319915
-0.0581561	0.00992148	-0.0239215
-0.055008	0.0102284	-0.0293743
-0.0564365	0.00915754	-0.0269001
-0.0545846	0.00367132	-0.0301076
-0.0548561	0.00735094	-0.0296373
-0.0571738	0.00295181	-0.025623
-0.0559129	0.00249641	-0.0278069
-0.056151	0.00530553	-0.0273945
0.0422676	-0.000237463	-0.029108
0.0422926	0.00217329	-0.0290647
0.0423444	0.00488592	-0.0289749
0.0424532	0.00782949	-0.0287866
0.0424212	0.0109652	-0.0288419
0.0430798	-0.00241911	-0.0277012
0.0446143	-0.00235863	-0.0250434
0.0461174	-0.0025124	-0.0224399
0.0475581	-0.00278115	-0.0199445
0.0487468	-0.00322988	-0.0178857
0.0498503	-0.00266064	-0.0159744
0.049951	-0.00013151	-0.0158
0.0500133	0.00247793	-0.0156921
0.0499445	0.00522578	-0.0158112
0.0499023	0.00816254	-0.0158843
0.0499218	0.0111506	-0.0158505
0.0488385	0.0127116	-0.0177269
0.0476294	0.0123817	-0.019821
0.0462024	0.0123541	-0.0222927
0.0447872	0.0124191	-0.0247439
0.0435303	0.0125611	-0.0269208
0.0433468	0.0033633	-0.0272387
0.043728	0.00590142	-0.0265786
0.0439608	0.00949901	-0.0261752
0.0436538	0.000589148	-0.0267071
0.0469562	-0.000167796	-0.020987
0.048564	-0.000785148	-0.0182022
0.0486341	0.00687357	-0.0180809
0.0486516	0.0100508	-0.0180505
0.045503	0.00994329	-0.0235041
0.0470753	0.00906105	-0.0207808
0.0453935	0.000256961	-0.0236938
0.0488123	0.00386592	-0.0177723
0.0490281	0.00148245	-0.0173984
0.0455178	0.00646705	-0.0234784
0.0446787	0.00322879	-0.0249317
0.0463023	0.0027888	-0.0221197
0.0478238	0.0020342	-0.0194844
0.0473704	0.00513451	-0.0202697
0.0491187	-0.0119039	-0.0125852
0.0510781	-0.0101188	-0.0137164
0.0527264	-0.00784435	-0.0146681
0.0558714	-0.00850445	-0.0164838
0.0521319	-0.0158286	-0.0143249
0.0538497	-0.0141674	-0.0153166
0.0558302	-0.0121138	-0.0164601
0.0495908	-0.0155993	-0.0128577
0.0534681	-0.0109838	-0.0150963
0.0515359	-0.0130867	-0.0139808
0.042186	-0.0157994	-0.0316766
0.0439691	-0.0141322	-0.0327061
0.046023	-0.0122767	-0.0338919
0.0466637	-0.00975566	-0.0342618
0.0454797	-0.00750946	-0.0335782
0.0427306	-0.00763777	-0.031991
0.0391333	-0.0119118	-0.0299141
0.0411526	-0.0100499	-0.03108
0.0396222	-0.0155815	-0.0301964
0.0439518	-0.010598	-0.0326961
0.0416505	-0.0130137	-0.0313675
0.00791156	-0.000496153	0.0543263
0.00753834	0.00190839	0.0543263
0.00743713	0.00484214	0.0543263
0.00742666	0.00786217	0.0543263
0.00746592	0.0109377	0.0543263
0.00657102	-0.00264066	0.0543263
0.00389708	-0.00263794	0.0543263
0.00128317	-0.0027359	0.0543263
-0.00123252	-0.00288971	0.0543263
-0.00362882	-0.00302428	0.0543263
-0.00586469	-0.0030914	0.0543263
-0.00797804	-0.00282849	0.0543263
-0.00812733	-0.000514235	0.0543263
-0.00789095	0.00202177	0.0543263
-0.00761514	0.00488899	0.0543263
-0.00749034	0.00795045	0.0543263
-0.00755019	0.0110234	0.0543263
-0.00536971	0.0125974	0.0543263
-0.00291794	0.0122636	0.0543263
-4.54285e-05	0.0122494	0.0543263
0.00277539	0.0123631	0.0543263
0.00525927	0.0125329	0.0543263
0.00439787	0.002998	0.0543263
0.00506152	0.00630278	0.0543263
0.00450299	0.00951535	0.0543263
-6.938e-05	-0.00056731	0.0543263
0.00261249	-0.000171087	0.0543263
0.00547009	-0.000172291	0.0543263
-0.00249276	-0.000892111	0.0543263
-0.0047227	-0.0011425	0.0543263
-0.00656003	-0.00140651	0.0543263
-0.00543053	0.00314161	0.0543263
-0.00610313	0.000521558	0.0543263
-0.00486732	0.00639974	0.0543263
-0.0049434	0.0098395	0.0543263
0.00146323	0.00982328	0.0543263
-0.00166559	0.0087775	0.0543263
0.00173807	0.00626134	0.0543263
-0.0015226	0.0011886	0.0543263
0.000847236	0.00227096	0.0543263
-0.0021627	0.00402663	0.0543263
-0.00380004	0.00109833	0.0543263
0.01	-0.0154008	0.0561437
0.01	-0.0135985	0.0580012
0.01	-0.0113828	0.0600388
0.01	-0.00838828	0.0591084
0.01	-0.00776619	0.0561223
0.01	-0.0116679	0.0524863
0.01	-0.00986674	0.0545064
0.01	-0.0153316	0.0531822
0.01	-0.0106158	0.0571787
0.01	-0.0127308	0.0552452
-0.01	-0.0116277	0.0525465
-0.01	-0.00976856	0.054573
-0.01	-0.00766901	0.0561426
-0.01	-0.00811835	0.0591046
-0.01	-0.0152616	0.0563119
-0.01	-0.0131831	0.0586209
-0.01	-0.0152598	0.0532541
-0.01	-0.0106356	0.0601421
-0.01	-0.0125404	0.0554267
-0.01	-0.0103155	0.0573304
-0.0511297	-0.000496767	-0.0160918
-0.0509668	0.00179461	-0.0163738
-0.0508279	0.00462372	-0.0166144
-0.0507621	0.00775292	-0.0167284
-0.0508386	0.010954	-0.0165959
-0.0504007	-0.00260145	-0.0173543
-0.0490842	-0.00255353	-0.0196345
-0.0477764	-0.00254774	-0.0218997
-0.0464878	-0.00264368	-0.0241318
-0.0452507	-0.00281068	-0.0262745
-0.0441425	-0.00292244	-0.0281939
-0.0431172	-0.00269834	-0.0299697
-0.0430354	-0.000352957	-0.0301114
-0.0431176	0.00219808	-0.0299691
-0.0431839	0.00495543	-0.0298543
-0.043283	0.00783642	-0.0296825
-0.0433561	0.0109076	-0.029556
-0.0497331	0.0125635	-0.0185106
-0.0484876	0.0124489	-0.020668
-0.0471132	0.0123916	-0.0230484
-0.0457239	0.0122986	-0.0254548
-0.0444727	0.0125056	-0.027622
-0.0496394	0.00245688	-0.0186729
-0.0493559	0.00562908	-0.019164
-0.0492674	0.00948921	-0.0193172
-0.0472485	-3.39671e-05	-0.0228141
-0.0486357	-4.65508e-06	-0.0204114
-0.0447382	0.00928489	-0.0271621
-0.0499675	-0.000211031	-0.0181047
-0.0459106	-0.000355531	-0.0251314
-0.0447293	-0.000811237	-0.0271776
-0.0438074	-0.00118781	-0.0287743
-0.0442087	0.00353255	-0.0280792
-0.0440054	0.000831932	-0.0284314
-0.0442216	0.0061972	-0.0280568
-0.0477883	0.0100591	-0.0218791
-0.0464122	0.00940619	-0.0242627
-0.047595	0.0065203	-0.0222139
-0.0465842	0.00263164	-0.0239647
-0.0455891	0.00551778	-0.0256883
-0.048158	0.00284457	-0.0212388
-0.0451702	0.0017887	-0.0264139
-0.0401128	-0.0119159	-0.0304796
-0.0420792	-0.0101231	-0.0316149
-0.0437421	-0.00783497	-0.032575
-0.0468813	-0.00851021	-0.0343875
-0.0431345	-0.0158336	-0.0322242
-0.0448546	-0.0141724	-0.0332173
-0.0468394	-0.0121185	-0.0343632
-0.0405937	-0.0156032	-0.0307573
-0.0444752	-0.0109869	-0.0329983
-0.042538	-0.0130927	-0.0318798
0.0497607	-0.0192534	-0.0154765
0.0515519	-0.0183177	-0.0168312
0.0535624	-0.0167573	-0.0181745
0.0553906	-0.0146817	-0.0192925
0.056855	-0.0121811	-0.0201806
0.0578981	-0.00927301	-0.0207923
0.0471449	-0.0197802	-0.0157768
0.0458146	-0.0197492	-0.0184274
0.0444147	-0.0197219	-0.0211388
0.0428657	-0.0197163	-0.0238794
0.0411322	-0.0197513	-0.0265151
0.0422189	-0.0191759	-0.0289994
0.0442339	-0.0181598	-0.0300992
0.0462649	-0.0166041	-0.0311944
0.0481474	-0.0145566	-0.0320471
0.0496015	-0.0120963	-0.0328358
0.0503724	-0.00971877	-0.033547
0.0516397	-0.00749225	-0.0324581
0.0531706	-0.00735595	-0.0298511
0.0546108	-0.00721179	-0.0274011
0.0558647	-0.00699705	-0.0252901
0.0568454	-0.00796869	-0.0232651
0.048883	-0.019104	-0.0178628
0.0508923	-0.0178439	-0.019666
0.0530003	-0.0159676	-0.020984
0.0547188	-0.0136711	-0.0220214
0.0559789	-0.0109699	-0.022881
0.0462815	-0.0188303	-0.0237699
0.0477857	-0.0189206	-0.0207249
0.0444609	-0.0188201	-0.0269719
0.0484224	-0.0158149	-0.0292359
0.0463177	-0.0174566	-0.0288061
0.0504013	-0.0133426	-0.0299519
0.0517752	-0.0102304	-0.0307575
0.0549175	-0.00963957	-0.0257267
0.0535274	-0.00931108	-0.0283397
0.0478654	-0.0173539	-0.0264279
0.0526138	-0.014988	-0.0235699
0.0500554	-0.0171758	-0.0231405
0.0526944	-0.0118415	-0.0277461
0.051002	-0.0148913	-0.0265329
0.0538228	-0.0127094	-0.0248283
-0.00752566	-0.0189409	0.0548947
-0.00726373	-0.0177355	0.057267
-0.00721038	-0.015875	0.0596612
-0.00724165	-0.0136083	0.061605
-0.00721422	-0.0111583	0.0629909
-0.00669343	-0.00858328	0.0638718
-0.00597821	-0.0196477	0.0526228
-0.00295435	-0.0196636	0.0525513
-5.35009e-05	-0.0196598	0.0525686
0.00293092	-0.019615	0.0527642
0.00606015	-0.0196213	0.0527377
0.00766034	-0.0189047	0.0549843
0.00761265	-0.0177135	0.057302
0.00762347	-0.0159306	0.0596027
0.00765681	-0.0137019	0.0615392
0.00780151	-0.0112814	0.0629352
0.00761161	-0.0088443	0.0638058
0.00512574	-0.00859998	0.0638677
0.00244267	-0.00867747	0.0638486
-0.000437055	-0.00867771	0.0638485
-0.00329746	-0.00852694	0.0638854
-0.00443838	-0.0187025	0.0554563
-0.00433437	-0.0169002	0.0584672
-0.00440214	-0.0147221	0.0607479
-0.00462794	-0.0123958	0.062367
-0.00484472	-0.0103175	0.0633368
0.00116254	-0.0187624	0.0553211
0.00474202	-0.018542	0.055802
0.00504824	-0.0150096	0.0604979
0.00541814	-0.0169197	0.0584418
0.00540403	-0.0125501	0.0622788
0.00590862	-0.0104569	0.0632836
0.000613532	-0.0110467	0.0630403
0.00360814	-0.0108353	0.0631309
-0.00238468	-0.0107627	0.0631611
-0.00153008	-0.0190295	0.0546684
-0.00168798	-0.0131711	0.0618986
0.00220609	-0.0168398	0.058545
-0.00127502	-0.0156908	0.0598509
-0.0013782	-0.0177916	0.0571765
0.00203477	-0.0136858	0.0615506
-0.0584565	-0.00141078	-0.0179764
-0.0583814	0.00144896	-0.017933
-0.0581533	0.00437314	-0.0178013
-0.0580868	0.00754003	-0.0177629
-0.0583072	0.0107859	-0.0178902
-0.0564376	-0.0029488	-0.0168108
-0.0544088	-0.00257922	-0.0156394
-0.05415	-4.6186e-05	-0.01549
-0.053858	0.0022494	-0.0153214
-0.0549779	0.00498305	-0.015968
-0.0552406	0.00891976	-0.0161197
-0.0541234	0.0113943	-0.0154746
-0.0562082	0.012196	-0.0166783
-0.0559622	0.00205405	-0.0165363
-0.05628	-0.000576999	-0.0167198
-0.0426226	-0.0194338	-0.028991
-0.045177	-0.018261	-0.0304228
-0.0472897	-0.0165882	-0.0317915
-0.0490365	-0.0145511	-0.0328497
-0.0504845	-0.0121406	-0.0335919
-0.051564	-0.00929042	-0.0340862
-0.048169	-0.0197643	-0.0165174
-0.0467058	-0.019752	-0.0191866
-0.0451782	-0.0197623	-0.0217193
-0.0437288	-0.0197682	-0.0241646
-0.0508541	-0.0192045	-0.0162087
-0.052792	-0.0182202	-0.0173865
-0.0547449	-0.0166997	-0.018604
-0.0564326	-0.0146836	-0.0198177
-0.0578583	-0.0122213	-0.0207322
-0.0588773	-0.0098078	-0.0210897
-0.058585	-0.00756853	-0.0227357
-0.0570648	-0.00748621	-0.0253969
-0.055646	-0.00731388	-0.0279102
-0.0544484	-0.00703757	-0.0300655
-0.0531733	-0.00797628	-0.0319556
-0.0423267	-0.0197964	-0.0262647
-0.0476469	-0.0173888	-0.0290377
-0.049378	-0.0155919	-0.0303684
-0.0509081	-0.0135156	-0.0311724
-0.0522975	-0.0109769	-0.0315846
-0.0501581	-0.0189066	-0.0190185
-0.0452602	-0.0189908	-0.0270761
-0.048206	-0.0190412	-0.0217094
-0.0466599	-0.0190788	-0.0241852
-0.0541055	-0.0160182	-0.0212941
-0.0526611	-0.0175852	-0.0197625
-0.0556789	-0.0136541	-0.0227159
-0.0571034	-0.0104734	-0.0236764
-0.0542188	-0.00977368	-0.0291815
-0.0558186	-0.00959388	-0.0265287
-0.0499391	-0.016296	-0.0278922
-0.0510713	-0.0146635	-0.0291377
-0.053205	-0.0153653	-0.0241824
-0.0512496	-0.0175693	-0.0222561
-0.0545381	-0.0125192	-0.0261468
-0.0482886	-0.0179046	-0.0263058
-0.0526587	-0.0127772	-0.029096
-0.049076	-0.0181789	-0.023976
-0.0521347	-0.0148405	-0.0269929
-0.0507391	-0.0167871	-0.0253224
0.0432058	-0.0126823	-0.00917137
0.0403545	-0.0125463	-0.0075252
0.0376775	-0.0123332	-0.00597962
0.0351073	-0.0123557	-0.00449573
0.0324983	-0.0123343	-0.00298942
0.029884	-0.0123818	-0.00148003
0.0272984	-0.0123575	1.27629e-05
0.0247588	-0.0124802	0.00147902
0.0220709	-0.012773	0.00303088
0.0191826	-0.0125535	0.00469843
0.0168639	-0.0121474	0.00603712
0.0447274	-0.0151104	-0.0100499
0.0445451	-0.0175261	-0.00994464
0.042494	-0.018108	-0.00876039
0.0402061	-0.0176221	-0.00743952
0.0370869	-0.0171488	-0.00563862
0.0345815	-0.0178662	-0.00419214
0.0318649	-0.0172462	-0.0026237
0.0293299	-0.01789	-0.00116012
0.026677	-0.0172336	0.000371503
0.0241614	-0.0177845	0.00182392
0.0211525	-0.016325	0.00356109
0.0184203	-0.0175399	0.00513855
0.0174999	-0.0146829	0.00566993
0.03897	-0.0149017	-0.00672584
0.0421256	-0.0154948	-0.00854772
0.0341348	-0.0150711	-0.00393425
0.0289461	-0.0150999	-0.000938509
0.0241857	-0.0151528	0.00180991
0.031451	-0.0144544	-0.00238476
0.0263609	-0.0144812	0.000554051
0.036593	-0.0143856	-0.00535349
0.0403271	-0.00893237	-0.0286454
0.0417614	-0.00735499	-0.028806
0.0429589	-0.00740981	-0.0266726
0.0442238	-0.00746886	-0.0244156
0.0455111	-0.0075182	-0.0221291
0.0467777	-0.00760512	-0.0198317
0.0479291	-0.00785784	-0.0175076
0.0486237	-0.00863027	-0.0149753
0.0456624	-0.00942349	-0.0178896
0.0445268	-0.00936577	-0.0200694
0.0433105	-0.00933435	-0.022287
0.0421101	-0.00929902	-0.0244871
0.0465718	-0.00951844	-0.0159348
0.041038	-0.0092073	-0.0266409
0.0114414	-0.0119997	0.0106014
0.0128559	-0.012608	0.00877622
0.0129251	-0.0155861	0.00870629
0.0113952	-0.0171051	0.0106786
0.010421	-0.0157167	0.0129025
0.0105799	-0.0130864	0.0124176
0.0114598	-0.0143674	0.0105711
0.0334657	-0.0126888	-0.026642
0.0308581	-0.0127986	-0.0251364
0.0282118	-0.0131118	-0.0236086
0.0254172	-0.0133097	-0.0219951
0.0225698	-0.0133808	-0.0203512
0.0194619	-0.0134576	-0.0185568
0.0169695	-0.0122335	-0.0171179
0.014717	-0.0127808	-0.0158174
0.0119191	-0.0129605	-0.014202
0.00909016	-0.0125841	-0.0125687
0.00683243	-0.012149	-0.0112652
0.034904	-0.0150388	-0.0274723
0.034561	-0.0173967	-0.0272743
0.0322185	-0.0176827	-0.0259218
0.0301178	-0.0180218	-0.024709
0.0276995	-0.0167563	-0.0233128
0.0245473	-0.016719	-0.0214929
0.0217117	-0.0168072	-0.0198557
0.0190238	-0.0171428	-0.0183039
0.016793	-0.0177221	-0.0170159
0.0142134	-0.0164481	-0.0155266
0.0106096	-0.0161794	-0.013446
0.00827987	-0.0174871	-0.0121009
0.00741732	-0.0146818	-0.0116029
0.0327259	-0.0152153	-0.0262148
0.0303259	-0.015585	-0.0248292
0.0168658	-0.0149649	-0.017058
0.01	-0.0126274	0.0461737
0.01	-0.0127516	0.0431181
0.01	-0.0130492	0.0399827
0.01	-0.0131498	0.0366324
0.01	-0.0129111	0.0334177
0.01	-0.0130288	0.0303203
0.01	-0.0132746	0.027068
0.01	-0.0133485	0.0232195
0.01	-0.0119934	0.0203027
0.01	-0.0120187	0.0179915
0.01	-0.014949	0.0477945
0.01	-0.0173469	0.047388
0.01	-0.0176494	0.0446421
0.01	-0.0179902	0.04217
0.01	-0.0166822	0.039283
0.01	-0.0164558	0.0351675
0.01	-0.0177217	0.03258
0.01	-0.0166561	0.0296761
0.01	-0.0167217	0.0260481
0.01	-0.0169708	0.022667
0.01	-0.0176205	0.019828
0.01	-0.0145773	0.0193562
0.01	-0.0155255	0.0424387
0.01	-0.0153084	0.03221
0.01	-0.0151549	0.0452624
-0.000199924	-0.0119997	-0.00886951
-0.00248778	-0.012608	-0.00918191
-0.00258293	-0.0155861	-0.00920685
-0.000109879	-0.0171051	-0.00886812
0.00230309	-0.0157167	-0.00913634
0.00180375	-0.0130864	-0.00903153
-0.000235311	-0.0143674	-0.00887028
0.00806213	-0.0085302	0.052912
0.00829656	-0.00675873	0.0540236
0.0060379	-0.00747365	0.0536971
0.00334576	-0.00739454	0.0537401
0.00083442	-0.00735483	0.0537611
-0.00165759	-0.00732758	0.0537751
-0.0041435	-0.00728432	0.0537971
-0.00665101	-0.00719426	0.053841
-0.00794154	-0.00874661	0.0526882
-0.00330364	-0.00910117	0.0522507
-0.000830003	-0.00912897	0.0522117
0.00164518	-0.00915059	0.0521809
0.0040536	-0.00919848	0.0521108
-0.00572769	-0.00902121	0.0523585
0.00613874	-0.00933889	0.051889
-0.0344112	-0.0127005	-0.0271878
-0.0316996	-0.0125508	-0.0256223
-0.0291608	-0.0123397	-0.0241565
-0.0267273	-0.0123649	-0.0227515
-0.0243043	-0.0123775	-0.0213526
-0.0219156	-0.0125485	-0.0199735
-0.0194573	-0.0129476	-0.0185542
-0.0167997	-0.0131633	-0.0170198
-0.0140631	-0.0131088	-0.0154399
-0.0113527	-0.0127734	-0.013875
-0.00881163	-0.0124042	-0.0124079
-0.00672373	-0.0120818	-0.0112025
-0.0358409	-0.0151234	-0.0280133
-0.0356743	-0.0175307	-0.0279171
-0.0337191	-0.0181238	-0.0267883
-0.031537	-0.0176325	-0.0255284
-0.028601	-0.0171453	-0.0238333
-0.026227	-0.0178782	-0.0224627
-0.0237309	-0.0172482	-0.0210216
-0.0213903	-0.017839	-0.0196702
-0.0189697	-0.0166046	-0.0182727
-0.0159036	-0.016544	-0.0165025
-0.0128453	-0.0163782	-0.0147368
-0.0107874	-0.0177555	-0.0135486
-0.0084772	-0.0174053	-0.0122148
-0.00731206	-0.0145238	-0.0115421
-0.0303985	-0.0149079	-0.0248711
-0.0333682	-0.0155211	-0.0265856
-0.0258517	-0.0150925	-0.022246
-0.0214427	-0.015276	-0.0197004
-0.00992172	-0.0151602	-0.0130488
-0.0234455	-0.0145178	-0.0208568
-0.028139	-0.0143852	-0.0235666
-0.01	-0.0126925	0.0459574
-0.01	-0.0127032	0.0427334
-0.01	-0.0130849	0.0391964
-0.01	-0.0121439	0.0362503
-0.01	-0.0127835	0.0336399
-0.01	-0.0131362	0.030456
-0.01	-0.0131853	0.0271667
-0.01	-0.013053	0.0238279
-0.01	-0.0126093	0.0205575
-0.01	-0.012155	0.0179209
-0.01	-0.015068	0.0476398
-0.01	-0.0175105	0.0474073
-0.01	-0.0181277	0.0450542
-0.01	-0.0176634	0.0425211
-0.01	-0.0169486	0.0391238
-0.01	-0.0176468	0.0360742
-0.01	-0.0164378	0.0330791
-0.01	-0.0165345	0.0293871
-0.01	-0.0164896	0.0259793
-0.01	-0.016199	0.0222404
-0.01	-0.0174921	0.0195872
-0.01	-0.0146939	0.0185893
-0.01	-0.0151789	0.0416434
-0.01	-0.0155515	0.0447327
-0.01	-0.0148341	0.0362182
-0.0502103	-0.00827308	-0.0152438
-0.0510381	-0.00670909	-0.015648
-0.0496396	-0.00748962	-0.0173448
-0.0482186	-0.00749693	-0.0197977
-0.0469387	-0.00748044	-0.0220334
-0.045682	-0.00745693	-0.0242369
-0.0444549	-0.00740701	-0.0264178
-0.0432548	-0.00732009	-0.0285897
-0.0415093	-0.00892092	-0.0289599
-0.0482471	-0.00942913	-0.0157246
-0.0470843	-0.00935453	-0.018013
-0.0458291	-0.00933464	-0.0202569
-0.0445829	-0.00932132	-0.0224614
-0.0433747	-0.009292	-0.0246535
-0.0422847	-0.00919701	-0.0268467
-0.0424575	-0.02	-0.0114174
-0.040294	-0.02	-0.0102331
-0.037903	-0.02	-0.00891085
-0.0353842	-0.02	-0.00762987
-0.0328118	-0.02	-0.00626936
-0.0302216	-0.02	-0.00486992
-0.0276221	-0.02	-0.0034377
-0.0250135	-0.02	-0.00197494
-0.0223911	-0.02	-0.000476472
-0.0197702	-0.02	0.00107777
-0.0171581	-0.02	0.00268502
-0.0145276	-0.02	0.0043607
-0.0117959	-0.02	0.00635729
-0.00876387	-0.02	0.00917955
-0.00705218	-0.02	0.0135314
-0.00757416	-0.02	0.0449917
-0.00731494	-0.02	0.0423535
-0.00722979	-0.02	0.0393094
-0.00719276	-0.02	0.0361968
-0.00717394	-0.02	0.0330692
-0.00716477	-0.02	0.0299359
-0.00716334	-0.02	0.0267943
-0.00717071	-0.02	0.0236437
-0.00719364	-0.02	0.0204827
-0.00722316	-0.02	0.017303
-0.00602172	-0.02	0.0473856
-0.00304665	-0.02	0.0475249
-0.000211458	-0.02	0.0475036
0.00273442	-0.02	0.0472696
0.005901	-0.02	0.0472533
0.00744112	-0.02	0.0448195
0.00717631	-0.02	0.0420661
0.00711852	-0.02	0.0389322
0.00711593	-0.02	0.035777
0.00712322	-0.02	0.032631
0.00713218	-0.02	0.0294885
0.00714415	-0.02	0.0263386
0.0071686	-0.02	0.0231756
0.00722621	-0.02	0.0199961
0.00735955	-0.02	0.0168139
0.00743802	-0.02	0.0130578
0.00911444	-0.02	0.00899031
0.0120527	-0.02	0.00631708
0.0411688	-0.02	-0.0108931
0.0386985	-0.02	-0.00976216
0.0360122	-0.02	-0.00822105
0.0333866	-0.02	-0.00659402
0.0308097	-0.02	-0.00499977
0.0282351	-0.02	-0.0034684
0.0256233	-0.02	-0.00198705
0.0229383	-0.02	-0.000507801
0.0201992	-0.02	0.00103999
0.0174785	-0.02	0.00267834
0.0147869	-0.02	0.00437554
0.0424728	-0.02	-0.0134302
0.0410271	-0.02	-0.0161171
0.0396325	-0.02	-0.0186517
0.0380424	-0.02	-0.0211184
0.0364756	-0.02	-0.0237806
0.0336475	-0.02	-0.0239516
0.0314696	-0.02	-0.0224446
0.0288846	-0.02	-0.0208696
0.0262162	-0.02	-0.019304
0.0235148	-0.02	-0.0177917
0.0208422	-0.02	-0.0162884
0.0181903	-0.02	-0.0147414
0.0154915	-0.02	-0.013162
0.0127365	-0.02	-0.0116278
0.00997502	-0.02	-0.0101519
0.00718937	-0.02	-0.00868773
0.00412409	-0.02	-0.00729289
9.49079e-05	-0.02	-0.00614035
-0.00397218	-0.02	-0.00720341
-0.0356915	-0.02	-0.0248704
-0.0330716	-0.02	-0.023151
-0.0303883	-0.02	-0.0216294
-0.0277835	-0.02	-0.0201769
-0.0252412	-0.02	-0.0186871
-0.0226925	-0.02	-0.0171713
-0.0201085	-0.02	-0.0156842
-0.0175138	-0.02	-0.0142272
-0.0149145	-0.02	-0.0127999
-0.012318	-0.02	-0.011396
-0.00971397	-0.02	-0.00998206
-0.00702892	-0.02	-0.00855017
-0.0435813	-0.02	-0.0139416
-0.042009	-0.02	-0.0166191
-0.0407246	-0.02	-0.0192648
-0.0394101	-0.02	-0.0216675
-0.0382154	-0.02	-0.0238103
-0.0381236	-0.02	-0.0115006
-0.0356721	-0.02	-0.0106475
-0.0330475	-0.02	-0.00939871
-0.0304012	-0.02	-0.00808727
-0.0277329	-0.02	-0.00672102
-0.0250551	-0.02	-0.00528487
-0.0223524	-0.02	-0.00379911
-0.0195936	-0.02	-0.00223424
-0.0168958	-0.02	-0.000485815
-0.0142047	-0.02	0.00129293
-0.00531948	-0.02	0.01047
-0.00447236	-0.02	0.0411348
-0.00454797	-0.02	0.0445301
-0.00435578	-0.02	0.0348492
-0.00433117	-0.02	0.0317028
-0.00432032	-0.02	0.0285449
-0.00432126	-0.02	0.0253709
-0.00434253	-0.02	0.022171
-0.00441231	-0.02	0.0189665
0.00421056	-0.02	0.0440455
0.00605155	-0.02	0.0100088
-0.00174683	-0.02	0.0454352
0.00074954	-0.02	0.0447836
0.00419403	-0.02	0.0403963
0.00421649	-0.02	0.0371499
0.0042383	-0.02	0.0339703
0.00425593	-0.02	0.0308073
0.00427186	-0.02	0.0276357
0.00429634	-0.02	0.0244415
0.0043525	-0.02	0.0212028
0.00451392	-0.02	0.0179313
0.0090864	-0.02	0.00520389
0.0358406	-0.02	-0.0115319
0.0390323	-0.02	-0.0132997
0.0306416	-0.02	-0.00793855
0.0281904	-0.02	-0.0063534
0.0256873	-0.02	-0.00489985
0.023051	-0.02	-0.00351975
0.0202027	-0.02	-0.00210165
0.0173369	-0.02	-0.000400397
0.0146244	-0.02	0.00143296
0.0345751	-0.02	-0.0210313
0.00667072	-0.02	-0.00567426
0.0383724	-0.02	-0.0163456
0.036732	-0.02	-0.0184512
0.0316291	-0.02	-0.0193927
0.0289935	-0.02	-0.0176751
0.026184	-0.02	-0.0161351
0.0234328	-0.02	-0.0147359
0.0208143	-0.02	-0.0132451
0.0181701	-0.02	-0.0115738
0.0153274	-0.02	-0.00992156
0.0124008	-0.02	-0.00850758
0.00957221	-0.02	-0.00711923
0.00348805	-0.02	-0.00421148
-0.0331615	-0.02	-0.0198382
-0.0362609	-0.02	-0.0215491
-0.0278069	-0.02	-0.0170799
-0.0253378	-0.02	-0.0154222
-0.0226847	-0.02	-0.0138752
-0.0200183	-0.02	-0.0123965
-0.0173441	-0.02	-0.0109725
-0.0146659	-0.02	-0.0096275
-0.0120187	-0.02	-0.00832009
-0.00935428	-0.02	-0.00687928
-0.0085824	-0.02	0.00532872
-0.0389487	-0.02	-0.0168302
-0.0403014	-0.02	-0.0135061
-0.0114308	-0.02	0.00318733
-0.00457923	-0.02	0.015999
-0.00440023	-0.02	0.0379899
0.00499342	-0.02	0.015001
0.0119052	-0.02	0.00324887
0.0331357	-0.02	-0.00968529
-0.00314094	-0.02	-0.0040901
-0.00643335	-0.02	-0.00541259
-0.0303632	-0.02	-0.018496
-0.0382436	-0.02	-0.0194485
-0.00553637	-0.02	0.00726557
0.0061917	-0.02	0.00703951
0.00400659	-0.02	0.0121238
0.000205589	-0.02	-0.00261471
-0.00265564	-0.02	0.0131358
-0.0333582	-0.02	-0.0125374
-0.0306817	-0.02	-0.0112218
-0.0279339	-0.02	-0.0100357
-0.0251825	-0.02	-0.00862366
-0.0224414	-0.02	-0.00716469
-0.0196286	-0.02	-0.0056772
-0.0164873	-0.02	-0.00408818
-0.0141003	-0.02	-0.00173939
-0.00147323	-0.02	0.0303347
-0.00149611	-0.02	0.0335007
-0.00146264	-0.02	0.0239345
-0.001487	-0.02	0.0206426
0.00116732	-0.02	0.0417051
0.0354843	-0.02	-0.0152768
0.00129264	-0.02	0.0385029
0.00134713	-0.02	0.0353195
0.00137774	-0.02	0.0321511
0.00139681	-0.02	0.0289748
0.00141205	-0.02	0.0257748
0.00143261	-0.02	0.0225195
0.00147276	-0.02	0.0191163
0.00904347	-0.02	0.00197814
-0.0225893	-0.02	-0.0105285
-0.0359433	-0.02	-0.0179746
0.0257161	-0.02	-0.00769745
0.0280524	-0.02	-0.00911443
0.0205389	-0.02	-0.00525742
0.0170786	-0.02	-0.00396274
0.0144313	-0.02	-0.00152325
0.0302721	-0.02	-0.0108675
0.0118087	-0.02	0.000221252
0.0232919	-0.02	-0.0063626
0.00633247	-0.02	-0.00259767
0.0319517	-0.02	-0.01622
-0.00580995	-0.02	-0.00230368
-0.00172819	-0.02	0.0428578
0.0290999	-0.02	-0.01407
0.0258924	-0.02	-0.013132
0.0233501	-0.02	-0.0118104
0.0208925	-0.02	-0.0102924
0.018326	-0.02	-0.00796479
0.0148463	-0.02	-0.00668684
0.0119498	-0.02	-0.00555409
0.00922952	-0.02	-0.00413131
-0.00146134	-0.02	0.0271545
-0.0364588	-0.02	-0.0141408
-0.0253457	-0.02	-0.0120244
-0.028312	-0.02	-0.0136541
-0.0198483	-0.02	-0.00907603
-0.0170626	-0.02	-0.00769433
-0.0142961	-0.02	-0.0066028
-0.0117538	-0.02	-0.00544679
0.00165879	-0.02	0.0150996
-0.00153817	-0.02	0.0366592
-0.0110458	-0.02	-0.000288961
-0.00161311	-0.02	0.0398042
-0.00162195	-0.02	0.017166
0.0340642	-0.02	-0.0180734
0.0326463	-0.02	-0.0129408
-0.00916711	-0.02	-0.00346598
-0.00835729	-0.02	0.00208921
-0.00554512	-0.02	0.0039161
0.00343055	-0.02	0.00882415
-0.0300765	-0.02	-0.0158759
0.00618076	-0.02	0.00376138
-0.00278278	-0.02	-0.000868595
0.00329657	-0.02	-0.000988693
-0.00247226	-0.02	0.00910383
-0.0329149	-0.02	-0.0161047
-0.00799543	-0.02	-0.000641966
-0.0310852	-0.02	-0.0138346
0.0117514	-0.02	-0.00269856
0.00906761	-0.02	-0.00111585
-0.0119313	-0.02	-0.00300621
0.0212832	-0.02	-0.00778844
-0.0137368	-0.02	-0.00418527
0.00620064	-0.02	0.000548019
0.000709574	-0.02	0.010928
-0.00552189	-0.02	0.000759626
0.00330947	-0.02	0.00553228
0.00027941	-0.02	0.000685557
0.0256926	-0.02	-0.0103875
0.0140125	-0.02	-0.00408703
0.027808	-0.02	-0.0115211
0.0233797	-0.02	-0.00906261
-0.00256931	-0.02	0.00566089
0.00326955	-0.02	0.00225226
-0.00263628	-0.02	0.00235559
0.000456288	-0.02	0.00733437
0.000345032	-0.02	0.00397415
-0.0529838	-0.0149344	-0.0148167
-0.055251	-0.0143058	-0.0161257
-0.056982	-0.0124141	-0.017125
-0.0575685	-0.00983831	-0.0174637
-0.0563946	-0.00754495	-0.0167859
-0.0536547	-0.00760596	-0.015204
-0.0507651	-0.0121365	-0.0135358
-0.0521286	-0.00957879	-0.014323
-0.0504211	-0.0158905	-0.0133371
-0.0544796	-0.011058	-0.0156803
-0.0112415	-0.0119997	0.0109476
-0.0103681	-0.012608	0.0130852
-0.0103422	-0.0155861	0.01318
-0.0112853	-0.0171051	0.010869
-0.0127241	-0.0157167	0.00891338
-0.0123837	-0.0130864	0.00929342
-0.0112245	-0.0143674	0.0109787
-0.0422321	-0.01	-0.0116329
-0.0401456	-0.01	-0.010095
-0.0377779	-0.01	-0.00882226
-0.0352799	-0.01	-0.00748654
-0.0327586	-0.01	-0.00610201
-0.0302122	-0.01	-0.0047252
-0.0276293	-0.01	-0.00333621
-0.0250187	-0.01	-0.00190351
-0.0223893	-0.01	-0.000416351
-0.0197672	-0.01	0.00114324
-0.0171817	-0.01	0.00276766
-0.0146072	-0.01	0.00444213
-0.0119306	-0.01	0.00639749
-0.00897324	-0.01	0.0092026
-0.00734148	-0.01	0.0136042
-0.00790931	-0.01	0.0452655
-0.00750485	-0.01	0.0427331
-0.00740341	-0.01	0.0395749
-0.0074549	-0.01	0.0363868
-0.00743381	-0.01	0.0332572
-0.00739507	-0.01	0.0300874
-0.00739493	-0.01	0.0268881
-0.00741956	-0.01	0.023687
-0.00746043	-0.01	0.0205042
-0.00751205	-0.01	0.0173496
-0.00657821	-0.01	0.0475196
-0.00389848	-0.01	0.0475696
-0.00129662	-0.01	0.0477236
0.00113796	-0.01	0.0479565
0.00343865	-0.01	0.0480031
0.0056687	-0.01	0.0479166
0.00785242	-0.01	0.0476031
0.00793411	-0.01	0.045005
0.00772305	-0.01	0.0421069
0.00768437	-0.01	0.0390021
0.00763529	-0.01	0.0359129
0.00757975	-0.01	0.0327907
0.00751466	-0.01	0.0296102
0.00754113	-0.01	0.0264154
0.00763925	-0.01	0.0233042
0.00766098	-0.01	0.020222
0.00766369	-0.01	0.0170387
0.00792062	-0.01	0.0135967
0.00897397	-0.01	0.00940868
0.0120311	-0.01	0.0063957
0.0411818	-0.01	-0.0112077
0.0388032	-0.01	-0.00971001
0.0362232	-0.01	-0.0082186
0.0335732	-0.01	-0.00669054
0.0308981	-0.01	-0.00513208
0.0282244	-0.01	-0.00355321
0.0255678	-0.01	-0.00197771
0.0229101	-0.01	-0.000409313
0.0202384	-0.01	0.00116432
0.0175467	-0.01	0.00275796
0.0148279	-0.01	0.00441833
0.0430143	-0.01	-0.0132622
0.0419121	-0.01	-0.015532
0.0406665	-0.01	-0.0176746
0.0395068	-0.01	-0.0198785
0.0384635	-0.01	-0.0219309
0.037212	-0.01	-0.0237386
0.03574	-0.01	-0.0254084
0.033428	-0.01	-0.0241582
0.0310613	-0.01	-0.0226837
0.0285622	-0.01	-0.0210756
0.0259372	-0.01	-0.0194598
0.023267	-0.01	-0.0179438
0.0206296	-0.01	-0.0164598
0.0180201	-0.01	-0.0149357
0.0153879	-0.01	-0.0133948
0.0127207	-0.01	-0.0118442
0.0100128	-0.01	-0.0102938
0.00722916	-0.01	-0.00875713
0.0041296	-0.01	-0.00731767
3.70408e-05	-0.01	-0.00616616
-0.00400362	-0.01	-0.00727156
-0.0356992	-0.01	-0.0251223
-0.0332035	-0.01	-0.0233941
-0.0306164	-0.01	-0.021786
-0.0280441	-0.01	-0.0201962
-0.0254468	-0.01	-0.018614
-0.022808	-0.01	-0.0170874
-0.0201625	-0.01	-0.0156163
-0.0175284	-0.01	-0.0141776
-0.0149006	-0.01	-0.0127653
-0.0122809	-0.01	-0.0113816
-0.00966646	-0.01	-0.0100063
-0.00700604	-0.01	-0.00861816
-0.0439277	-0.01	-0.0137713
-0.0427849	-0.01	-0.0161411
-0.0416494	-0.01	-0.0183505
-0.0405277	-0.01	-0.0204512
-0.0392894	-0.01	-0.0224459
-0.0381234	-0.01	-0.0243026
-0.0379047	-0.01	-0.0115145
-0.0400191	-0.01	-0.012333
-0.0328634	-0.01	-0.00905468
-0.0303612	-0.01	-0.00771871
-0.0277546	-0.01	-0.00648015
-0.0250771	-0.01	-0.00512864
-0.0223538	-0.01	-0.003685
-0.0195715	-0.01	-0.00212247
-0.0168743	-0.01	-0.000335776
-0.0143043	-0.01	0.00150903
-0.00887728	-0.01	0.00536358
-0.00575479	-0.01	0.0105497
-0.00440928	-0.01	0.0418311
-0.00490088	-0.01	0.0381586
-0.00496802	-0.01	0.0350952
-0.00480453	-0.01	0.0319829
-0.00475283	-0.01	0.0287052
-0.00480086	-0.01	0.0254134
-0.00486362	-0.01	0.0221516
-0.00497117	-0.01	0.0189393
-0.00262163	-0.01	0.0451252
-0.00545622	-0.01	0.0450087
0.00220321	-0.01	0.0462502
0.0042016	-0.01	0.0459184
0.00542486	-0.01	0.0402667
0.00529437	-0.01	0.0372524
0.00524127	-0.01	0.0341913
0.00505399	-0.01	0.0310316
0.00490633	-0.01	0.0276624
0.00525062	-0.01	0.0244824
0.00537421	-0.01	0.0215617
0.00525902	-0.01	0.018495
0.00527471	-0.01	0.0151163
0.0089866	-0.01	0.0054301
-0.00643577	-0.01	-0.00561141
0.0119389	-0.01	0.00332231
-0.0116738	-0.01	0.00334403
0.0363052	-0.01	-0.0113379
0.033659	-0.01	-0.00981872
0.0309464	-0.01	-0.008268
0.0282335	-0.01	-0.006641
0.0255545	-0.01	-0.00499524
0.0228951	-0.01	-0.00338045
0.0202197	-0.01	-0.00177867
0.0175177	-0.01	-0.000163366
0.0147694	-0.01	0.00150585
0.0394921	-0.01	-0.0153406
0.00555241	-0.01	0.0114374
0.0408816	-0.01	-0.0135993
0.0373057	-0.01	-0.0199602
0.0366701	-0.01	-0.0217936
0.0351854	-0.01	-0.0228531
0.0309221	-0.01	-0.0198363
0.0331687	-0.01	-0.0214848
0.02841	-0.01	-0.0180045
0.0256401	-0.01	-0.0163953
0.0229524	-0.01	-0.0150709
0.020434	-0.01	-0.0135695
0.0178466	-0.01	-0.0120155
0.0151942	-0.01	-0.0104474
0.0124851	-0.01	-0.00887338
0.00968753	-0.01	-0.00729937
0.00672148	-0.01	-0.00574381
-0.00327816	-0.01	-0.00418877
-0.0413188	-0.01	-0.0141189
0.00344423	-0.01	-0.00423091
-0.0335684	-0.01	-0.0203633
-0.030952	-0.01	-0.0186957
-0.0283768	-0.01	-0.0169156
-0.0256347	-0.01	-0.015209
-0.0228199	-0.01	-0.0137157
-0.020067	-0.01	-0.0122834
-0.0173345	-0.01	-0.0108908
-0.0146047	-0.01	-0.00956903
-0.0119091	-0.01	-0.00830729
-0.00923956	-0.01	-0.00700048
-0.0402937	-0.01	-0.016376
-0.0392896	-0.01	-0.0185299
-0.0383944	-0.01	-0.0204674
-0.00514766	-0.01	0.0160509
-0.0353944	-0.01	-0.010398
8.79893e-05	-0.01	0.0456066
0.0388353	-0.01	-0.0126649
0.038218	-0.01	-0.0176534
-0.00592051	-0.01	0.00734666
0.00588309	-0.01	0.00761635
0.00621882	-0.01	0.0460042
0.00533451	-0.01	0.0435188
5.82445e-05	-0.01	-0.00263625
-0.003406	-0.01	0.0132887
-0.0364238	-0.01	-0.0221373
0.00633545	-0.01	-0.00261834
-0.028025	-0.01	-0.00959693
-0.030579	-0.01	-0.0103749
-0.0224691	-0.01	-0.0070023
-0.0196081	-0.01	-0.00554542
-0.0163871	-0.01	-0.00392851
-0.0139901	-0.01	-0.00145929
0.0338341	-0.01	-0.0129261
-0.0384996	-0.01	-0.0143151
-0.0114813	-0.01	0.000310983
-0.00284315	-0.01	0.0367227
-0.00235224	-0.01	0.0340563
-0.00199871	-0.01	0.030719
-0.00213244	-0.01	0.027223
-0.00224395	-0.01	0.0238685
-0.00229486	-0.01	0.0205185
-0.00889861	-0.01	-0.00403571
0.00279984	-0.01	0.0354854
0.00297011	-0.01	0.0386491
0.00902942	-0.01	0.00207114
0.00149793	-0.01	0.0291734
0.00266215	-0.01	0.0253126
0.00335217	-0.01	0.022777
0.0029145	-0.01	0.020122
-0.00606441	-0.01	-0.00252746
0.011963	-0.01	0.000234387
0.00302089	-0.01	0.0326868
0.00269362	-0.01	0.0167979
0.0283127	-0.01	-0.0139673
-0.00256361	-0.01	0.0171282
0.0311052	-0.01	-0.0114714
0.0282637	-0.01	-0.00986069
0.0255476	-0.01	-0.00805117
0.0229017	-0.01	-0.00637428
0.0202405	-0.01	-0.00474808
0.0175461	-0.01	-0.00312866
0.0147912	-0.01	-0.001483
0.00265842	-0.01	0.0132207
0.00937789	-0.01	-0.00425261
0.0351997	-0.01	-0.020493
0.0250396	-0.01	-0.0137498
-0.00206412	-0.01	0.0394728
0.0310595	-0.01	-0.0168946
0.0228514	-0.01	-0.0122553
0.0203398	-0.01	-0.0106663
0.0177163	-0.01	-0.00907273
0.0150284	-0.01	-0.00747705
0.01226	-0.01	-0.00587209
0.00333222	-0.01	0.0413354
-0.0337327	-0.01	-0.0173686
-0.0313857	-0.01	-0.0155514
-0.0288886	-0.01	-0.0130948
-0.025551	-0.01	-0.0117229
-0.0226733	-0.01	-0.0103403
-0.0198603	-0.01	-0.00894291
-0.0170066	-0.01	-0.00758262
-0.0141522	-0.01	-0.00649692
-0.0114962	-0.01	-0.00541462
-0.0252559	-0.01	-0.00837241
-0.0357681	-0.01	-0.0132105
-0.0381266	-0.01	-0.0167574
-0.000985647	-0.01	0.0427273
-0.0365231	-0.01	-0.0187533
-0.0327255	-0.01	-0.0123619
-0.0087798	-0.01	0.00209339
0.00216164	-0.01	0.0437474
0.0365838	-0.01	-0.0148593
-0.0030269	-0.01	0.00927506
0.00599845	-0.01	0.0039972
0.00278567	-0.01	0.00951832
0.0357081	-0.01	-0.017987
0.00317272	-0.01	-0.000956679
-0.00303657	-0.01	-0.000935415
-0.00591877	-0.01	0.00393098
0.033291	-0.01	-0.0187888
-9.70321e-05	-0.01	0.0150765
0.0315902	-0.01	-0.014238
-0.0113489	-0.01	-0.00259975
0.00042579	-0.01	0.033218
0.000640356	-0.01	0.0224405
0.00915612	-0.01	-0.00113261
0.0120775	-0.01	-0.00283479
0.000203273	-0.01	0.0186638
0.0254637	-0.01	-0.0111052
-3.92987e-06	-0.01	0.0368547
0.0228924	-0.01	-0.00935885
0.0202765	-0.01	-0.00772063
0.0176116	-0.01	-0.00610626
0.0148898	-0.01	-0.00448508
-0.00876235	-0.01	-0.00102369
0.0336801	-0.01	-0.0159476
-0.0339152	-0.01	-0.014874
-0.0360557	-0.01	-0.0158692
-0.0134817	-0.01	-0.00397885
0.00293528	-0.01	0.00588311
-0.00299014	-0.01	0.00578216
4.34838e-05	-0.01	0.0255402
3.97606e-05	-0.01	0.00073105
0.00612356	-0.01	0.000624939
0.000863597	-0.01	0.0404957
-0.00592954	-0.01	0.000650064
-0.0002016	-0.01	0.011332
-8.3209e-05	-0.01	0.00764874
0.00304296	-0.01	0.00240264
-0.00297591	-0.01	0.0023812
-9.56545e-06	-0.01	0.00413343
-0.0446543	-0.012713	-0.0100077
-0.0421553	-0.0128148	-0.00856485
-0.0396353	-0.0131097	-0.00710994
-0.0370018	-0.0132959	-0.00558952
-0.0343562	-0.0133506	-0.00406208
-0.0316848	-0.0133963	-0.00251974
-0.0287669	-0.0134635	-0.000835073
-0.0263901	-0.0122302	0.000537194
-0.0242257	-0.012757	0.00178677
-0.0215754	-0.0129332	0.00331696
-0.0189	-0.0125666	0.00486159
-0.0167434	-0.0121441	0.00610667
-0.0460113	-0.0150465	-0.0107911
-0.045685	-0.0173924	-0.0106027
-0.0434577	-0.0176924	-0.00931681
-0.041451	-0.0180315	-0.00815823
-0.039147	-0.0167672	-0.00682804
-0.0361823	-0.016699	-0.00511635
-0.0335067	-0.016722	-0.00357158
-0.0308863	-0.0168226	-0.00205868
-0.0283536	-0.0171583	-0.000596448
-0.0262145	-0.0177202	0.000638538
-0.0237412	-0.0164354	0.0020665
-0.0203479	-0.01617	0.00402563
-0.0181081	-0.0174768	0.00531881
-0.0173053	-0.0146723	0.0057823
-0.043933	-0.0152331	-0.0095912
-0.0416432	-0.015612	-0.0082692
-0.026284	-0.0149607	0.000598449
0.0532229	0.0108282	-0.0192847
0.0481787	0.0109399	-0.0298001
0.0061974	0.0108765	0.0577715
0.00590599	0.0102231	0.0612649
-0.0049232	0.0112426	0.0576865
-0.00722407	0.00631245	0.058054
-0.00678417	0.0101387	0.0608905
0.0475276	-0.00240392	-0.0307261
0.0484612	-0.00785841	-0.0288193
0.0462728	0.00256631	-0.0304298
0.0483915	-0.000619906	-0.0260406
0.0481521	0.00664285	-0.0306074
0.0481599	0.00688163	-0.0256471
0.0489483	0.0117329	-0.0260597
0.0533731	0.00619101	-0.0194216
-0.00412178	0.0109576	0.0617435
-0.00105592	0.0103118	0.0619572
-0.0040721	0.00749127	0.0615434
0.00226298	0.0106327	0.0616512
-0.00074812	0.00653275	0.0606385
-0.000900522	0.01072	0.0583686
0.00245219	0.00713609	0.0615662
0.00270973	0.011158	0.0578422
0.00600497	0.00637169	0.0612941
0.00452883	-0.00364831	0.0613849
0.0064456	-0.00189402	0.0574863
0.00690812	-0.0106488	0.0580891
0.00648845	-0.00654595	0.0587688
0.00551132	6.6047e-05	0.0611447
0.00148378	7.48554e-05	0.0610182
0.00608827	0.00319248	0.0616172
0.00254741	0.00367683	0.061865
0.00664302	0.00284475	0.0579575
0.00664496	0.00703127	0.0578625
-0.00396445	-0.00646964	0.0590882
-0.00548905	-0.00331034	0.0611637
-0.00712467	-0.00993767	0.0585058
-0.00721523	-0.00606394	0.0588173
-0.00333461	-5.44026e-05	0.0606608
-0.00409344	-0.00166953	0.0566042
-0.00704809	0.0022968	0.0609333
-0.00691193	-0.00058936	0.0618291
-0.00729198	-9.27419e-05	0.0574078
-0.00449555	0.00440424	0.0609241
-0.00719575	0.00332839	0.0569893
-0.0542198	0.0114125	-0.0206372
0.0522363	-0.010612	-0.0212259
0.0528275	-0.00647385	-0.0186952
0.051665	-0.00540096	-0.0233045
0.0515417	-0.000600678	-0.022239
0.0517467	0.0040563	-0.0233135
0.0522752	0.0109009	-0.0232902
-0.00676302	-0.00329346	0.0570543
-0.00691938	-0.0120351	0.0554205
-0.00410287	0.00780602	0.0578529
0.00270106	-0.00675005	0.0589393
0.00243978	-0.00338837	0.0574844
-0.000472996	-0.00626708	0.0591285
-0.00331269	-0.0106695	0.0592161
0.0483549	-0.00424768	-0.0258958
0.0410038	-0.0144019	-0.0275916
0.040748	-0.0126291	-0.02492
0.0419809	-0.016984	-0.0239606
0.045448	-0.0129925	-0.0267086
0.0457785	-0.016594	-0.0166138
0.0494697	-0.0135813	-0.0176673
-0.000142323	-0.00325918	0.0613037
0.00352014	-0.0102982	0.0598371
0.00605112	-0.0155281	0.0491511
0.00691726	-0.0167343	0.0528391
0.00639071	-0.0130976	0.0545254
-0.00405989	-0.0165506	0.0489864
-0.00753826	-0.0163181	0.0490919
-0.00716147	-0.0130406	0.0489773
-0.00683343	-0.0159165	0.0526651
-0.00703905	-0.0163951	0.0460571
-0.0537017	-0.00643753	-0.0196017
-0.0540108	-0.00300825	-0.019239
-0.0534229	-0.0105183	-0.0204334
-0.0528237	-0.0053537	-0.0241818
-0.0539631	0.00138245	-0.019843
-0.0523502	-0.00072579	-0.0240147
-0.054984	0.00650165	-0.0203947
-0.0528812	0.00737155	-0.0236177
-0.0519563	0.0110014	-0.0240525
-0.0496906	-0.00668664	-0.0286646
-0.0486504	-0.00209613	-0.0283179
-0.0497357	-0.0105426	-0.0277604
-0.0401059	-0.0166493	-0.0264067
-0.0365458	-0.0135739	-0.0236706
-0.036141	-0.0172992	-0.0241858
-0.0470627	-0.0130986	-0.0281995
0.0426583	-0.0166328	-0.0134432
0.045771	-0.012407	-0.0206811
0.0106605	-0.0129957	0.00731689
0.00935219	-0.0168328	0.00666309
0.0136895	-0.0126669	0.00362183
0.016358	-0.0171063	0.00143174
0.0156792	-0.0134365	0.000760475
0.0131348	-0.0162704	0.00401485
0.00534586	-0.0168909	0.00685605
0.00688922	-0.0175374	0.0101881
0.00923154	-0.0173008	0.00260388
0.0125164	-0.0169505	-0.000202499
0.0379543	-0.0161342	-0.0248028
0.0355306	-0.017036	-0.0220267
0.00669664	-0.0126281	0.0160269
0.00288602	-0.0128717	0.0165736
-0.000704929	-0.0130779	0.0153704
0.00268983	-0.0165494	0.0163121
0.00688205	-0.0161308	0.015815
0.00608337	-0.0133463	0.0193334
0.00660629	-0.0129973	0.0223152
0.00733544	-0.0129957	0.0129679
0.00682565	-0.0173783	0.0186766
0.00525077	-0.0160554	0.0131205
0.00234409	-0.0173772	0.0128512
-0.00088462	-0.016686	0.0129025
0.00601374	-0.0121186	0.0482212
0.00253662	-0.012251	0.0490089
0.00662301	-0.01298	0.0454046
0.00199831	-0.0160734	0.0491284
0.00333654	-0.0169402	0.0524616
0.0150149	-0.012844	-0.0107453
0.00848857	-0.0130287	-0.00731991
0.00542726	-0.0169303	-0.00614083
0.0052936	-0.0132938	-0.00502646
0.00861035	-0.017335	-0.0076032
-0.00138876	-0.0172704	-0.00513307
0.00178174	-0.0169775	-0.00578711
0.0125812	-0.0168961	-0.00790092
0.00910799	-0.0169944	-0.00383348
0.00461842	-0.0165733	-0.00164602
-0.00427751	-0.0125423	0.0484616
-0.0071463	-0.0120926	0.0519519
-0.00735293	-0.0128846	0.0451256
0.00290659	-0.0124844	0.0554603
-0.00110405	-0.00290309	0.0571391
-0.000861879	-0.011962	0.0552722
-0.000219317	-0.00996733	0.0596712
0.00313141	-7.26712e-05	0.0569658
0.00209215	-0.0139932	0.0523822
-0.00387242	-0.013619	0.0556231
-0.00368338	-0.0127751	0.0516512
-0.00658562	-0.0147434	-0.0072926
-0.00452124	-0.0128984	-0.00396196
-0.0135405	-0.0168441	-0.0102295
-0.00737439	-0.0173037	-0.0038205
-0.00450507	-0.0169571	-0.00452688
-0.00991799	-0.0169953	-0.00885789
-0.0045506	-0.0160582	-0.000937657
-0.00472276	-0.0166654	0.00460547
-0.0391671	-0.0124999	-0.0268905
-0.0404616	-0.0169962	-0.0232369
-0.0367101	-0.0164651	-0.0201811
-0.000891688	-0.0173623	0.0489411
-0.00385642	-0.0170575	0.0523724
-0.00416284	-0.0176222	0.0456161
-0.00533995	-0.0166069	0.0422204
-0.0461087	-0.0131241	-0.0191943
-0.0506469	-0.0131197	-0.0185667
-0.0442537	-0.0149529	-0.0251348
-0.0478395	-0.0132617	-0.0232488
-0.0429517	-0.0133392	-0.0284336
-0.0480001	-0.0163843	-0.0161695
-0.040534	-0.0174036	-0.0171441
-0.0442208	-0.0166701	-0.01572
-0.0436202	-0.0126086	-0.015764
-0.0440116	-0.0167604	-0.0206617
-0.0470957	-0.0127752	-0.0152709
-0.0416471	-0.0170708	-0.0122612
-0.0402645	-0.0158522	-0.0204524
-0.0433157	-0.0124155	-0.0194372
-0.0399563	-0.0131084	-0.0236601
-0.0327309	-0.0171066	-0.0218596
-0.0289693	-0.0167427	-0.0209212
-0.0217998	-0.017132	-0.0144684
0.0320135	-0.0168174	-0.021322
0.024145	-0.0127853	-0.0171965
0.0240352	-0.0162493	-0.0174623
0.020912	-0.0169099	-0.0153513
0.017619	-0.0168286	-0.0112975
0.0419412	-0.0172502	-0.0171973
0.0449763	-0.0123526	-0.015726
0.042869	-0.0164871	-0.0202399
0.0390745	-0.0172955	-0.0213654
0.0410629	-0.0124855	-0.0221977
0.0374361	-0.0164563	-0.01744
0.0412269	-0.0130442	-0.0171278
0.0368855	-0.0125149	-0.0241505
0.0357818	-0.0169443	-0.00859569
0.0243784	-0.01686	-0.00331027
0.0290247	-0.0168568	-0.00604333
0.0200702	-0.0147831	0.000326816
0.00694736	-0.0169542	0.0425098
0.00620301	-0.0148335	0.0392669
0.00662793	-0.0168145	0.0357507
0.00646056	-0.0160968	0.0323864
0.00693424	-0.014842	0.0287239
0.00627086	-0.0164237	0.0250727
0.00686718	-0.0169591	0.0215212
-0.000646151	-0.0162985	0.0523575
-0.000707266	-0.0130897	0.048312
-0.000580429	-0.0166795	0.045736
0.000323868	-0.0121427	0.0515263
0.00420501	-0.0168066	0.0461071
-0.00412038	-0.0169487	0.0387718
-0.00746234	-0.0163499	0.0378603
-0.00699625	-0.0131191	0.0384377
-0.00671749	-0.0169916	0.0351581
-0.00484473	-0.0162001	0.0324139
-0.003914	-0.0124733	0.0329391
-0.00660851	-0.0121913	0.0316608
-0.00726824	-0.01563	0.0290698
-0.00442216	-0.0172425	0.0288816
-0.00745956	-0.0123955	0.0287029
-0.00681477	-0.012234	0.0258949
-0.0068386	-0.0154058	0.025869
-0.00406947	-0.0174878	0.0260255
-0.00489667	-0.0165886	0.0228268
-0.00675494	-0.0128906	0.0225725
-0.00719532	-0.0124322	0.018606
-0.00726122	-0.015826	0.0195273
-0.0040238	-0.0173216	0.0159996
-0.00704846	-0.015618	0.0154734
-0.00766491	-0.0125085	0.0154328
-0.00823525	-0.0128702	0.0118422
-0.00808452	-0.0165201	0.0108183
-0.0374619	-0.0126491	-0.00999199
-0.0152611	-0.0167237	0.00308391
-0.00407904	-0.0132203	0.0167457
-0.000764862	-0.0167455	0.0161052
-0.00417754	-0.0171857	0.0194663
-0.00440551	-0.0173789	0.012066
-0.0402684	-0.0132023	-0.0165652
-0.036967	-0.0133159	-0.0167432
-0.0410064	-0.0130819	-0.012231
-0.0405581	-0.0119151	-0.0204423
-0.0376967	-0.0126106	-0.0203054
-0.0333782	-0.01342	-0.0207352
-0.0299318	-0.0128179	-0.021318
-0.0302598	-0.0126046	-0.017155
-0.0201382	-0.0136533	-0.013956
-0.0172862	-0.0130623	-0.0117662
-0.0127524	-0.012959	-0.0108897
-0.0101561	-0.0134126	-0.00810494
-0.00134323	-0.0133617	-0.0048382
0.0315914	-0.012935	-0.0219271
0.0285326	-0.0128192	-0.0185214
0.0209781	-0.0131599	-0.01472
0.011819	-0.0129555	-0.00911626
0.0425735	-0.0126929	-0.0130554
0.0388258	-0.0129242	-0.0124062
0.0386282	-0.0127956	-0.0198914
0.0349217	-0.0125278	-0.0210305
0.0348548	-0.0132335	-0.0089148
0.0268701	-0.013045	-0.00295434
0.0301541	-0.0129211	-0.00598444
0.0175052	-0.0125715	-0.0031769
0.00749152	-0.0140617	0.00975522
0.00259579	-0.0125989	0.046096
0.00699663	-0.0131129	0.0421819
0.0030011	-0.0126512	0.038872
0.00623185	-0.012932	0.0354117
0.00673972	-0.0125839	0.0314067
0.00339383	-0.0128883	0.0326212
0.00293347	-0.0137165	0.029364
0.00555757	-0.0129073	0.0255346
0.00326747	-0.0122535	0.0229709
-0.00356876	-0.0128992	0.0455529
-0.00117489	-0.0130021	0.0427102
0.0028765	-0.0129622	0.0424198
-0.0067822	-0.0127105	0.0419087
-0.00380676	-0.0127547	0.0396507
-0.00689746	-0.0127429	0.0352461
-0.00409759	-0.0132483	0.0295025
-0.00346318	-0.0136761	0.0259909
-0.00314198	-0.012786	0.0228445
-0.00855254	-0.0134161	0.00604487
-0.0110754	-0.0127734	0.00390596
-0.0148461	-0.0128767	0.00329748
-0.0133325	-0.0123469	0.000694351
-0.00787762	-0.0137629	0.00900751
-0.00389427	-0.0130916	0.00927497
-0.00826774	-0.0172997	0.00670665
-0.011489	-0.0166139	0.00344155
-0.0136135	-0.016659	-0.000689634
-0.0174698	-0.0143049	0.000562291
-0.0379428	-0.0165541	-0.00962692
-0.0307145	-0.0164603	-0.00660289
-0.0341299	-0.0161001	-0.00959736
-0.0246203	-0.0166821	-0.00204876
-0.0303254	-0.0126485	-0.00654905
-0.0340674	-0.0124698	-0.00949563
-0.0362781	-0.0130277	-0.0134476
-0.0213766	-0.0132952	-0.000395845
-0.0245214	-0.0130776	-0.00287706
-0.0205868	-0.012964	-0.00527124
0.0363315	-0.0125798	-0.0168651
0.0337419	-0.0126789	-0.0130985
0.0384419	-0.0169557	-0.0125218
0.00261292	-0.0131978	0.0126228
0.00163835	-0.0130282	-0.00560571
0.00186154	-0.013061	-0.000850802
0.000658591	-0.016737	-0.00130908
0.0075177	-0.0124229	0.0514315
0.00412126	-0.012349	0.0513094
-6.23614e-05	-0.000253713	0.0574213
-0.0430571	-0.0127344	-0.0225053
-0.00495157	-0.0166703	0.00882604
-0.00455798	-0.0135929	0.0128045
0.0487864	0.00284661	-0.0272701
0.0027095	0.0079397	0.057793
0.00268769	0.00384441	0.0583331
-0.00409194	0.00281156	0.0572035
-0.00130676	0.00218179	0.0572378
-0.0496214	0.0113519	-0.0287181
-0.000885817	0.0027887	0.0607842
-0.0502202	0.00696806	-0.0295933
-0.0489249	0.00309728	-0.0287003
-0.0536541	0.00315321	-0.0248844
0.0227926	-0.0130922	-0.00320576
0.0255038	-0.0133381	-0.00791293
0.0219364	-0.0124172	-0.00725176
0.0322142	-0.0165897	-0.00969532
0.0345942	-0.0166679	-0.0140481
0.0287433	-0.0167341	-0.0105157
0.018723	-0.0162668	-0.00345486
0.0185227	-0.0128395	-0.0119701
0.0316724	-0.0174384	-0.0171684
0.0280749	-0.0166409	-0.0177598
0.0159712	-0.0175831	-0.00653412
0.0244288	-0.0175531	-0.0137652
0.00250244	-0.0122605	0.0356796
0.00269117	-0.0124579	0.0198678
0.00315545	-0.0167781	0.0424585
0.00294792	-0.0167934	0.0392365
0.00293681	-0.0160424	0.0357984
0.00272184	-0.0169035	0.0327775
0.00335224	-0.0173167	0.0295491
0.00267236	-0.016058	0.02648
0.00274968	-0.0159401	0.0227824
0.00304815	-0.0165762	0.0196771
-0.00742708	-0.0133406	-0.00395755
-0.0261456	-0.0133371	-0.0181559
-0.0234976	-0.0132054	-0.0151111
-0.0133313	-0.0130556	-0.00736756
-0.0170192	-0.0172855	-0.0116982
-0.0304337	-0.0164105	-0.017991
-0.0253718	-0.0169814	-0.0182295
-0.0261981	-0.0166903	-0.0141519
-0.020405	-0.0165088	-0.0104899
-0.0273945	-0.0131112	-0.0127219
-0.00374645	-0.0136956	0.0361146
-0.00065344	-0.0129339	0.0356485
-0.00332389	-0.0174594	0.0358018
-0.0044056	-0.0127648	0.0201055
-0.000898803	-0.0138684	0.0194003
-0.000358239	-0.0173967	0.0195879
-0.000960185	-0.0161589	0.0286834
-0.000661011	-0.0172483	0.0422805
-0.000357691	-0.0158907	0.0389901
-0.000512916	-0.0167567	0.03505
-7.98126e-06	-0.0173376	0.0317105
-0.00129843	-0.0166358	0.0225978
-0.0207324	-0.0166039	-0.00240581
-0.0225027	-0.0166902	-0.0066478
-0.0269884	-0.0169234	-0.00527099
-0.0372303	-0.0172709	-0.0168632
-0.0135764	-0.017227	-0.00500634
-0.00755427	-0.0172466	0.00306001
-0.0306458	-0.0177351	-0.0109848
-0.0345599	-0.0166996	-0.0147702
-0.0376913	-0.0169488	-0.0133945
-0.0276959	-0.0169337	-0.0100008
-0.0303818	-0.0130568	-0.0102944
-0.0303823	-0.0165231	-0.014522
-0.0235048	-0.0125894	-0.0068228
-0.0240618	-0.0149853	-0.010536
-0.0268392	-0.0132268	-0.0068937
-0.0173255	-0.0174119	-0.00268391
-0.0173773	-0.0135775	-0.00336955
-0.017111	-0.0162017	-0.00734992
-0.000352599	-0.0172754	0.0255715
-0.0339053	-0.0170284	-0.0179116
0.022087	-0.0164089	-0.00747543
0.0256376	-0.0176006	-0.0105371
0.0152263	-0.016634	-0.00320519
0.0187873	-0.0172485	-0.00691101
0.0311468	-0.0170408	-0.0137953
0.00883272	-0.0175244	-0.000490709
0.0124805	-0.0174787	-0.00362555
-0.0104417	-0.0166175	-0.00402748
-0.00839182	-0.0167342	-0.000687239
0.0278473	-0.0174568	-0.0133803
0.0221636	-0.0166856	-0.0112038
0.00316094	-0.0167307	0.00976746
-0.000679216	-0.0157206	0.00941315
0.00342456	-0.0129645	0.00955617
0.00217208	-0.0172697	0.00637396
0.00683906	-0.012871	0.00594878
0.00532413	-0.0160338	0.00281949
-0.0106344	-0.0132795	-0.000162561
0.00957356	-0.0128322	0.00375043
0.0323994	-0.0134546	-0.0172016
-2.72753e-05	-0.0125746	0.0229343
-0.00042644	-0.0135818	0.0324185
-0.000627489	-0.0123926	0.0387074
-0.000973798	-0.0127081	0.0288666
0.000211589	-0.0132144	0.0258954
0.0292337	-0.0130697	-0.0104513
0.0189405	-0.0132645	-0.00721279
-0.0321836	-0.0129782	-0.0135808
-0.0206449	-0.013151	-0.00912283
0.0297889	-0.0135141	-0.0140504
0.0253062	-0.0135573	-0.0135174
0.021998	-0.0125621	-0.0105459
0.0155591	-0.0135333	-0.00659409
-0.0169268	-0.0123777	-0.00752296
0.00923798	-0.0133467	-0.000637939
-0.0100079	-0.0126522	-0.00347388
-0.0134178	-0.0128825	-0.00373703
0.012712	-0.0133828	-0.0035531
-0.00124568	-0.0125956	0.0120031
0.00497702	-0.0125349	-0.000475821
-0.00734877	-0.0128042	-0.000630117
-0.00759498	-0.0134628	0.00252701
-0.00170169	-0.0131026	-0.000551393
-0.00111611	-0.0165247	0.0058343
-0.00440072	-0.0128387	0.00106661
0.00158817	-0.0166265	0.00275756
0.0056142	-0.0123746	0.00284353
6.72176e-05	-0.012256	0.00945715
-0.00113936	-0.01256	0.00681761
0.00229522	-0.012727	0.00286687
0.0025246	-0.0134857	0.00650233
-0.03387	-0.0130928	-0.0169302
-0.00420804	-0.013132	0.00584705
-0.00095831	-0.0134079	0.00312249
-0.00112091	0.0055632	0.0572514
-0.00191727	-0.0170504	0.00194953
-0.0456614	-0.00525879	-0.0298216
-0.0501053	0.0135982	-0.0342872
