3634	3	1	1
6	49	59	
49	50	478	
50	2	479	
478	50	479	
2	51	479	
51	52	480	
51	480	479	
52	53	481	
52	481	480	
53	54	482	
53	482	481	
54	55	483	
54	483	482	
55	56	484	
55	484	483	
56	1	58	
57	7	64	
58	57	485	
57	64	486	
485	57	486	
64	63	486	
60	59	487	
61	60	488	
60	487	488	
62	61	489	
61	488	489	
63	62	490	
486	63	490	
62	489	490	
59	49	487	
56	58	484	
484	58	485	
49	478	487	
481	482	491	
478	479	492	
487	478	492	
479	480	492	
483	484	485	
485	486	493	
483	485	493	
486	490	493	
488	487	492	
489	488	491	
489	491	490	
482	483	493	
491	488	492	
491	482	493	
480	481	492	
492	481	491	
493	490	491	
65	18	71	
66	65	494	
67	66	495	
66	494	495	
68	67	496	
67	495	496	
69	68	497	
68	496	497	
70	69	498	
69	497	498	
6	70	49	
71	72	499	
72	12	500	
499	72	500	
12	73	500	
73	74	501	
73	501	500	
74	75	502	
74	502	501	
75	76	503	
75	503	502	
76	77	504	
76	504	503	
77	78	505	
77	505	504	
78	2	50	
50	49	506	
65	71	494	
49	70	498	
49	498	506	
78	50	505	
505	50	506	
71	499	494	
496	495	507	
497	496	503	
501	502	507	
502	503	507	
506	498	508	
505	506	508	
498	497	508	
499	500	509	
494	499	509	
500	501	509	
504	505	508	
495	494	509	
497	503	508	
501	507	509	
503	504	508	
495	509	507	
503	496	507	
79	11	85	
80	79	510	
81	80	511	
80	510	511	
82	81	512	
81	511	512	
83	82	513	
82	512	513	
84	83	514	
83	513	514	
1	84	58	
85	86	515	
86	19	516	
515	86	516	
19	87	516	
87	88	517	
87	517	516	
88	89	518	
88	518	517	
89	90	519	
89	519	518	
90	91	520	
90	520	519	
91	92	521	
91	521	520	
92	7	57	
57	58	522	
79	85	510	
58	84	514	
58	514	522	
92	57	521	
521	57	522	
510	85	515	
512	511	523	
513	512	519	
514	513	520	
517	518	523	
518	519	523	
515	516	524	
510	515	524	
516	517	524	
519	520	513	
520	521	522	
511	510	524	
514	520	522	
517	523	524	
511	524	523	
519	512	523	
8	93	103	
93	94	525	
94	4	526	
525	94	526	
4	95	526	
95	96	527	
95	527	526	
96	97	528	
96	528	527	
97	98	529	
97	529	528	
98	99	530	
98	530	529	
99	100	531	
99	531	530	
100	3	102	
101	9	108	
102	101	532	
101	108	533	
532	101	533	
108	107	533	
104	103	534	
105	104	535	
104	534	535	
106	105	536	
105	535	536	
107	106	537	
533	107	537	
106	536	537	
103	93	534	
100	102	531	
531	102	532	
93	525	534	
528	529	538	
525	526	539	
534	525	539	
526	527	539	
529	530	537	
530	531	532	
535	534	539	
536	535	538	
536	538	537	
530	532	537	
535	539	538	
527	528	539	
539	528	538	
529	537	538	
532	533	537	
109	13	115	
110	109	540	
109	115	540	
111	110	541	
110	540	541	
112	111	542	
111	541	542	
113	112	543	
112	542	543	
114	113	544	
113	543	544	
3	114	545	
114	544	545	
115	116	540	
116	21	546	
21	117	546	
117	118	547	
117	547	546	
118	119	548	
118	548	547	
119	120	549	
119	549	548	
120	121	550	
120	550	549	
121	122	551	
121	551	550	
122	9	101	
101	102	551	
102	3	545	
122	101	551	
116	546	540	
551	102	545	
541	540	546	
542	541	547	
543	542	548	
544	543	549	
545	544	550	
551	545	550	
547	548	542	
548	549	543	
546	547	541	
549	550	544	
123	20	129	
1807	1793	1818	
124	123	552	
123	129	552	
125	124	553	
124	552	553	
126	125	554	
125	553	554	
127	126	555	
126	554	555	
128	127	556	
127	555	556	
8	128	93	
1797	1811	1819	
130	14	131	
132	133	557	
133	134	558	
133	558	557	
134	135	559	
134	559	558	
135	136	560	
135	560	559	
136	4	561	
560	136	561	
4	94	561	
94	93	556	
93	128	556	
130	131	562	
129	130	562	
131	132	562	
562	132	557	
561	94	556	
552	129	562	
553	552	557	
554	553	558	
555	554	559	
556	555	560	
559	554	558	
559	560	555	
562	557	552	
557	558	553	
556	560	561	
137	22	143	
138	137	563	
139	138	564	
138	563	564	
140	139	565	
139	564	565	
141	140	566	
140	565	566	
142	141	567	
141	566	567	
10	142	151	
143	144	568	
144	17	569	
568	144	569	
17	145	569	
145	146	570	
145	570	569	
146	147	571	
146	571	570	
147	148	572	
147	572	571	
148	149	573	
148	573	572	
149	150	574	
149	574	573	
150	5	152	
152	151	575	
137	143	563	
151	142	567	
151	567	575	
150	152	574	
574	152	575	
143	568	563	
565	564	576	
566	565	572	
567	566	573	
570	571	576	
571	572	576	
568	569	577	
563	568	577	
569	570	577	
572	573	566	
573	574	575	
564	563	577	
567	573	575	
570	576	577	
564	577	576	
572	565	576	
73	12	158	
74	73	578	
75	74	579	
74	578	579	
76	75	580	
75	579	580	
77	76	581	
76	580	581	
78	77	582	
77	581	582	
2	78	51	
153	11	79	
154	153	583	
155	154	584	
154	583	584	
156	155	585	
155	584	585	
157	156	586	
156	585	586	
79	80	587	
80	81	588	
80	588	587	
81	82	589	
81	589	588	
82	83	590	
82	590	589	
83	84	591	
83	591	590	
84	1	56	
52	51	592	
53	52	593	
52	592	593	
54	53	594	
53	593	594	
55	54	595	
54	594	595	
73	158	578	
84	56	591	
51	78	582	
158	157	596	
153	79	587	
56	55	597	
596	157	586	
597	55	595	
591	56	597	
580	579	598	
581	580	599	
580	598	599	
582	581	600	
581	599	600	
589	590	601	
584	583	602	
583	153	587	
597	595	603	
585	584	604	
584	602	604	
586	585	605	
585	604	605	
588	589	606	
589	601	606	
158	596	578	
51	582	592	
591	597	603	
594	593	607	
595	594	608	
594	607	608	
596	586	609	
586	605	609	
592	582	600	
578	596	609	
583	587	602	
598	579	609	
601	590	603	
592	600	593	
609	579	578	
603	595	608	
588	606	602	
602	587	588	
590	591	603	
607	593	600	
601	603	610	
603	608	610	
598	609	611	
609	605	611	
607	600	599	
602	606	604	
605	604	612	
611	605	612	
604	606	612	
606	601	610	
608	607	613	
610	608	613	
607	599	613	
599	598	611	
606	610	612	
613	599	611	
610	613	612	
613	611	612	
131	14	164	
132	131	614	
133	132	615	
132	614	615	
134	133	616	
133	615	616	
135	134	617	
134	616	617	
136	135	618	
135	617	618	
4	136	95	
159	13	109	
160	159	619	
161	160	620	
160	619	620	
162	161	621	
161	620	621	
163	162	622	
162	621	622	
109	110	623	
110	111	624	
110	624	623	
111	112	625	
111	625	624	
112	113	626	
112	626	625	
113	114	627	
113	627	626	
114	3	100	
96	95	628	
97	96	629	
96	628	629	
98	97	630	
97	629	630	
99	98	631	
98	630	631	
131	164	614	
114	100	627	
95	136	618	
164	163	632	
159	109	623	
100	99	633	
632	163	622	
633	99	631	
627	100	633	
616	615	634	
617	616	635	
616	634	635	
618	617	636	
617	635	636	
625	626	637	
620	619	638	
619	159	623	
633	631	639	
621	620	640	
620	638	640	
622	621	641	
621	640	641	
624	625	642	
625	637	642	
164	632	614	
95	618	628	
627	633	639	
630	629	643	
631	630	644	
630	643	644	
632	622	645	
622	641	645	
628	618	636	
614	632	645	
619	623	638	
634	615	645	
637	626	639	
628	636	629	
645	615	614	
639	631	644	
624	642	638	
638	623	624	
626	627	639	
643	629	636	
637	639	646	
639	644	646	
634	645	647	
645	641	647	
643	636	635	
638	642	640	
641	640	648	
647	641	648	
640	642	648	
642	637	646	
644	643	649	
646	644	649	
643	635	649	
635	634	647	
642	646	648	
649	635	647	
646	649	648	
649	647	648	
165	15	173	
166	165	650	
16	166	651	
167	16	651	
166	650	651	
168	167	652	
167	651	652	
169	168	653	
168	652	653	
170	169	654	
169	653	654	
171	170	655	
170	654	655	
172	171	656	
171	655	656	
5	172	152	
10	151	178	
151	152	657	
178	151	658	
177	178	658	
151	657	658	
173	174	659	
174	175	660	
174	660	659	
175	176	661	
175	661	660	
176	177	662	
661	176	662	
177	658	662	
165	173	659	
650	165	659	
152	172	656	
657	152	656	
652	651	650	
653	652	663	
654	653	661	
655	654	662	
656	655	657	
652	650	663	
659	660	663	
660	661	663	
650	659	663	
662	654	661	
657	655	662	
661	653	663	
658	657	662	
145	17	184	
146	145	664	
147	146	665	
146	664	665	
148	147	666	
147	665	666	
149	148	667	
148	666	667	
150	149	668	
149	667	668	
5	150	172	
179	33	185	
180	179	669	
181	180	670	
180	669	670	
182	181	671	
181	670	671	
183	182	672	
182	671	672	
185	186	673	
186	187	674	
186	674	673	
187	188	675	
187	675	674	
188	189	676	
188	676	675	
189	190	677	
189	677	676	
190	16	167	
167	168	678	
168	169	679	
168	679	678	
169	170	680	
169	680	679	
170	171	681	
170	681	680	
145	184	664	
172	150	668	
184	183	682	
190	167	677	
171	172	683	
179	185	673	
682	183	672	
171	683	681	
172	668	683	
666	665	684	
667	666	685	
666	684	685	
668	667	686	
667	685	686	
675	676	687	
670	669	688	
669	179	673	
671	670	689	
670	688	689	
672	671	690	
671	689	690	
674	675	691	
675	687	691	
677	167	678	
184	682	664	
682	672	692	
672	690	692	
676	677	693	
676	693	687	
680	681	694	
679	680	695	
680	694	695	
664	682	692	
683	668	686	
665	664	692	
677	678	693	
669	673	688	
684	665	692	
693	678	679	
681	683	686	
688	673	674	
694	681	686	
693	679	695	
688	674	691	
684	692	696	
692	690	696	
686	685	697	
686	697	694	
687	693	695	
689	688	698	
688	691	698	
690	689	699	
696	690	699	
689	698	699	
691	687	698	
695	694	697	
685	684	696	
697	685	696	
687	695	700	
698	687	700	
700	695	697	
700	697	696	
698	700	699	
700	696	699	
87	19	191	
88	87	701	
89	88	702	
88	701	702	
90	89	703	
89	702	703	
91	90	704	
90	703	704	
92	91	705	
91	704	705	
7	92	64	
191	192	706	
192	193	707	
193	194	708	
194	195	709	
195	196	710	
196	18	711	
710	196	711	
18	65	711	
65	66	712	
65	712	711	
66	67	713	
66	713	712	
67	68	714	
67	714	713	
68	69	715	
68	715	714	
69	70	716	
69	716	715	
70	6	59	
59	60	717	
60	61	718	
60	718	717	
61	62	719	
61	719	718	
62	63	720	
62	720	719	
87	191	706	
64	92	705	
701	87	706	
707	193	708	
706	192	707	
194	709	708	
195	710	709	
70	59	716	
59	717	716	
63	64	721	
63	721	720	
703	702	722	
704	703	723	
703	722	723	
705	704	724	
704	723	724	
701	706	725	
708	709	726	
706	707	725	
710	711	727	
711	712	727	
714	715	728	
715	716	729	
728	715	729	
716	717	729	
719	720	730	
718	719	731	
719	730	731	
721	64	705	
717	718	729	
707	708	732	
708	726	732	
702	701	725	
709	710	727	
713	714	733	
714	728	733	
712	713	734	
727	712	734	
713	733	734	
721	705	724	
709	727	726	
721	724	720	
702	725	722	
725	707	732	
720	724	730	
718	731	729	
724	723	735	
724	735	730	
729	731	728	
731	730	735	
723	722	736	
723	736	735	
732	726	737	
726	727	738	
737	726	738	
727	734	738	
722	725	736	
725	732	736	
728	731	739	
733	728	739	
731	735	739	
734	733	738	
738	733	739	
738	739	737	
737	739	735	
736	732	737	
737	735	736	
197	39	740	
39	206	740	
198	197	741	
18	198	742	
71	18	742	
198	741	742	
72	71	743	
12	72	205	
27	199	207	
200	201	744	
201	202	745	
201	745	744	
202	203	746	
202	746	745	
203	204	746	
204	205	743	
207	199	747	
206	207	747	
205	72	743	
741	197	740	
71	742	743	
746	204	743	
199	200	747	
747	200	744	
206	747	740	
746	743	748	
745	746	748	
743	742	748	
744	745	749	
747	744	749	
745	748	749	
741	740	749	
740	747	749	
742	741	748	
748	741	749	
208	26	218	
210	209	750	
211	210	751	
210	750	751	
212	211	752	
211	751	752	
213	212	752	
214	213	753	
213	752	753	
11	214	85	
86	85	754	
19	86	755	
216	19	755	
86	754	755	
38	215	756	
38	756	217	
215	216	757	
218	217	758	
208	218	758	
217	756	758	
750	209	758	
209	208	758	
85	214	754	
216	755	757	
756	215	757	
752	751	759	
753	752	759	
757	755	759	
750	758	760	
751	750	760	
758	756	760	
756	757	760	
755	754	759	
751	760	759	
760	757	759	
214	753	754	
754	753	759	
117	21	219	
118	117	761	
119	118	762	
118	761	762	
120	119	763	
119	762	763	
121	120	764	
120	763	764	
122	121	765	
121	764	765	
9	122	108	
219	220	766	
220	221	767	
220	767	766	
221	222	768	
221	768	767	
222	223	769	
222	769	768	
223	224	770	
223	770	769	
224	225	771	
224	771	770	
225	20	772	
771	225	772	
20	123	772	
123	124	773	
123	773	772	
124	125	774	
124	774	773	
125	126	775	
125	775	774	
126	127	776	
126	776	775	
127	128	777	
127	777	776	
128	8	103	
103	104	778	
104	105	779	
104	779	778	
105	106	780	
105	780	779	
106	107	781	
106	781	780	
108	122	765	
761	117	766	
766	117	219	
128	103	777	
103	778	777	
107	108	782	
107	782	781	
763	762	783	
764	763	784	
763	783	784	
765	764	785	
764	784	785	
768	769	786	
767	768	787	
768	786	787	
761	766	788	
762	761	788	
766	767	788	
769	770	789	
769	789	786	
770	771	790	
770	790	789	
771	772	791	
790	771	791	
772	773	791	
774	775	792	
773	774	793	
791	773	793	
774	792	793	
775	776	794	
775	794	792	
776	777	795	
794	776	795	
777	778	795	
780	781	796	
779	780	797	
780	796	797	
782	108	765	
778	779	795	
782	765	785	
762	788	783	
767	787	788	
796	781	785	
782	785	781	
779	797	795	
785	784	798	
785	798	796	
786	789	799	
794	795	797	
797	796	798	
784	783	798	
783	788	787	
787	786	800	
786	799	800	
790	791	793	
794	797	801	
792	794	801	
797	798	801	
783	787	800	
789	790	802	
790	793	802	
793	792	802	
792	801	802	
798	783	800	
789	802	799	
802	801	799	
798	800	801	
799	801	800	
226	30	235	
228	227	803	
229	228	804	
228	803	804	
230	229	805	
229	804	805	
231	230	805	
13	231	115	
116	115	806	
21	116	807	
233	21	807	
116	806	807	
42	232	808	
42	808	234	
232	233	809	
233	807	809	
235	234	810	
226	235	810	
234	808	810	
803	227	810	
227	226	810	
231	805	806	
806	115	231	
808	232	809	
805	804	811	
805	811	806	
807	806	811	
803	810	812	
804	803	812	
810	808	812	
809	807	811	
808	809	812	
812	809	811	
811	804	812	
236	43	813	
43	244	813	
237	236	814	
20	237	815	
129	20	815	
237	814	815	
130	129	816	
129	815	816	
14	130	243	
31	238	245	
239	240	817	
240	241	818	
240	818	817	
241	242	818	
245	238	819	
244	245	819	
243	130	816	
814	236	813	
818	242	820	
238	239	819	
242	243	820	
244	819	813	
239	817	819	
813	819	821	
814	813	821	
819	817	821	
243	816	820	
817	818	821	
818	820	822	
821	818	822	
820	816	822	
815	814	822	
816	815	822	
814	821	822	
246	32	252	
247	246	823	
248	247	824	
247	823	824	
249	248	825	
248	824	825	
250	249	826	
249	825	826	
251	250	827	
250	826	827	
15	251	173	
252	253	828	
253	254	829	
253	829	828	
254	255	830	
254	830	829	
255	256	831	
255	831	830	
256	257	832	
256	832	831	
257	258	833	
257	833	832	
258	22	834	
833	258	834	
22	137	834	
137	138	835	
137	835	834	
138	139	836	
138	836	835	
139	140	837	
139	837	836	
140	141	838	
140	838	837	
141	142	839	
141	839	838	
142	10	178	
174	173	840	
175	174	841	
174	840	841	
176	175	842	
175	841	842	
177	176	843	
176	842	843	
823	246	828	
173	251	827	
142	178	839	
252	828	246	
178	177	844	
178	844	839	
844	177	843	
173	827	840	
825	824	845	
826	825	846	
825	845	846	
827	826	847	
826	846	847	
830	831	848	
829	830	849	
830	848	849	
844	843	850	
828	829	851	
823	828	851	
829	849	851	
831	832	852	
831	852	848	
832	833	853	
832	853	852	
833	834	854	
853	833	854	
834	835	854	
836	837	855	
835	836	856	
854	835	856	
836	855	856	
837	838	857	
837	857	855	
840	827	847	
842	841	858	
843	842	859	
842	858	859	
824	823	851	
845	824	851	
850	843	859	
840	847	841	
857	838	850	
838	839	850	
858	841	847	
839	844	850	
847	846	860	
847	860	858	
848	852	861	
845	851	849	
855	857	862	
859	858	860	
857	850	862	
850	859	862	
846	845	863	
860	846	863	
845	849	863	
853	854	856	
849	848	863	
852	853	864	
853	856	864	
862	859	860	
848	861	863	
856	855	864	
864	855	862	
852	864	861	
864	862	861	
861	862	860	
863	861	860	
1798	1797	1819	
1813	1799	1819	
259	35	865	
35	268	865	
260	259	866	
22	260	867	
143	22	867	
260	866	867	
144	143	868	
17	144	267	
23	261	269	
262	263	869	
263	264	870	
263	870	869	
264	265	871	
264	871	870	
265	266	871	
266	267	868	
269	261	872	
268	269	872	
267	144	868	
866	259	865	
143	867	868	
871	266	868	
261	262	872	
872	262	869	
268	872	865	
871	868	873	
870	871	873	
868	867	873	
869	870	874	
872	869	874	
870	873	874	
866	865	874	
865	872	874	
867	866	873	
873	866	874	
199	27	270	
200	199	875	
201	200	876	
200	875	876	
202	201	877	
201	876	877	
203	202	878	
202	877	878	
204	203	879	
203	878	879	
205	204	880	
204	879	880	
12	205	158	
158	205	880	
270	271	881	
271	272	882	
271	882	881	
272	273	883	
272	883	882	
273	274	884	
273	884	883	
274	275	885	
274	885	884	
275	26	208	
208	209	886	
209	210	887	
209	887	886	
210	211	888	
210	888	887	
211	212	889	
211	889	888	
212	213	890	
212	890	889	
213	214	891	
213	891	890	
214	11	153	
153	154	892	
154	155	893	
154	893	892	
155	156	894	
155	894	893	
156	157	895	
156	895	894	
157	158	896	
895	157	896	
158	880	896	
275	208	885	
214	153	892	
199	270	881	
875	199	881	
875	881	897	
877	876	898	
878	877	899	
877	898	899	
879	878	900	
878	899	900	
880	879	901	
896	880	901	
879	900	901	
883	884	902	
882	883	903	
883	902	903	
881	882	897	
884	885	904	
884	904	902	
214	892	891	
888	889	905	
887	888	906	
888	905	906	
208	886	885	
889	890	907	
889	907	905	
890	891	908	
890	908	907	
885	886	904	
894	895	909	
893	894	910	
894	909	910	
891	892	908	
876	875	897	
897	882	903	
908	892	893	
887	906	904	
904	886	887	
876	897	898	
909	895	896	
893	910	908	
902	904	911	
904	906	911	
900	899	912	
903	902	913	
902	911	913	
906	905	911	
907	908	914	
908	910	914	
910	909	914	
899	898	913	
897	903	898	
905	907	915	
907	914	915	
909	896	901	
898	903	913	
912	899	913	
911	905	915	
909	901	916	
914	909	916	
901	900	916	
916	900	912	
911	915	913	
912	913	915	
916	912	915	
916	915	914	
238	31	276	
239	238	917	
240	239	918	
239	917	918	
241	240	919	
240	918	919	
242	241	920	
241	919	920	
243	242	921	
242	920	921	
14	243	922	
164	14	922	
243	921	922	
276	277	923	
277	278	924	
277	924	923	
278	279	925	
278	925	924	
279	280	926	
279	926	925	
280	281	927	
280	927	926	
281	30	226	
226	227	928	
227	228	929	
227	929	928	
228	229	930	
228	930	929	
229	230	931	
229	931	930	
230	231	932	
230	932	931	
231	13	933	
932	231	933	
13	159	933	
159	160	934	
159	934	933	
160	161	935	
160	935	934	
161	162	936	
161	936	935	
162	163	937	
162	937	936	
163	164	922	
917	238	923	
276	923	238	
281	226	927	
226	928	927	
163	922	937	
917	923	938	
919	918	939	
920	919	940	
919	939	940	
921	920	941	
920	940	941	
922	921	942	
937	922	942	
921	941	942	
925	926	943	
923	924	938	
926	927	944	
926	944	943	
927	928	944	
930	931	945	
929	930	946	
930	945	946	
928	929	944	
931	932	947	
931	947	945	
932	933	948	
947	932	948	
933	934	948	
935	936	949	
934	935	950	
948	934	950	
935	949	950	
936	937	951	
949	936	951	
937	942	951	
924	925	952	
925	943	952	
918	917	938	
918	938	939	
924	952	938	
944	929	946	
941	940	953	
942	941	951	
944	946	954	
944	954	943	
946	945	954	
940	939	955	
940	955	953	
947	948	950	
939	938	956	
955	939	956	
938	952	956	
945	947	957	
947	950	957	
951	941	953	
956	952	943	
956	943	954	
945	957	954	
950	949	957	
949	951	953	
957	949	953	
956	954	955	
1818	1792	1817	
1817	1805	1818	
957	953	955	
957	955	954	
185	33	282	
186	185	958	
187	186	959	
186	958	959	
188	187	960	
187	959	960	
189	188	961	
188	960	961	
190	189	962	
189	961	962	
16	190	166	
282	283	963	
283	32	964	
963	283	964	
32	246	964	
246	247	965	
246	965	964	
247	248	966	
247	966	965	
248	249	967	
248	967	966	
249	250	968	
249	968	967	
250	251	969	
250	969	968	
251	15	165	
165	166	970	
185	282	958	
166	190	962	
166	962	970	
251	165	969	
969	165	970	
958	282	963	
960	959	971	
961	960	967	
962	961	968	
965	966	971	
966	967	971	
963	964	972	
958	963	972	
964	965	972	
967	968	961	
968	969	970	
959	958	972	
962	968	970	
965	971	972	
959	972	971	
967	960	971	
261	23	289	
262	261	973	
263	262	974	
262	973	974	
264	263	975	
263	974	975	
265	264	976	
264	975	976	
266	265	977	
265	976	977	
267	266	978	
266	977	978	
17	267	184	
284	46	290	
285	284	979	
286	285	980	
285	979	980	
287	286	981	
286	980	981	
288	287	982	
287	981	982	
184	267	978	
290	291	983	
291	292	984	
291	984	983	
292	293	985	
292	985	984	
293	294	986	
293	986	985	
294	295	987	
294	987	986	
295	296	988	
295	988	987	
296	33	179	
179	180	989	
180	181	990	
180	990	989	
181	182	991	
181	991	990	
182	183	992	
182	992	991	
183	184	993	
992	183	993	
184	978	993	
261	289	973	
289	288	994	
296	179	989	
284	290	979	
994	288	982	
289	994	973	
290	983	979	
975	974	995	
976	975	996	
975	995	996	
977	976	997	
976	996	997	
978	977	998	
993	978	998	
977	997	998	
980	979	999	
994	982	1000	
973	994	1000	
981	980	1001	
980	999	1001	
982	981	1002	
981	1001	1002	
985	986	1003	
296	989	988	
984	985	1004	
985	1003	1004	
979	983	999	
983	984	999	
986	987	1005	
986	1005	1003	
987	988	1006	
987	1006	1005	
991	992	1007	
990	991	1008	
991	1007	1008	
974	973	1000	
988	989	1006	
995	974	1000	
1000	982	1002	
1006	989	990	
1007	992	993	
984	1004	999	
990	1008	1006	
996	995	1009	
997	996	1010	
996	1009	1010	
1003	1005	1011	
1001	999	1012	
999	1004	1012	
1005	1006	1013	
1011	1005	1013	
1006	1008	1013	
1004	1003	1012	
1008	1007	1013	
995	1000	1014	
1009	995	1014	
1000	1002	1014	
1007	993	998	
998	997	1015	
1007	998	1015	
997	1010	1015	
1002	1001	1016	
1014	1002	1016	
1016	1001	1012	
1013	1007	1015	
1003	1011	1012	
1013	1015	1017	
1011	1013	1017	
1015	1010	1017	
1009	1014	1018	
1014	1016	1018	
1010	1009	1017	
1016	1012	1018	
1012	1011	1018	
1018	1011	1017	
1017	1009	1018	
39	297	206	
297	298	1019	
298	299	1020	
298	1020	1019	
299	300	1021	
299	1021	1020	
300	301	1022	
300	1022	1021	
301	302	1023	
301	1023	1022	
302	303	1024	
302	1024	1023	
303	304	1025	
303	1025	1024	
304	305	1026	
304	1026	1025	
305	306	1027	
305	1027	1026	
306	307	1028	
306	1028	1027	
307	40	1029	
1028	307	1029	
40	319	1029	
207	206	1030	
27	207	1031	
308	27	1031	
207	1030	1031	
309	308	1032	
308	1031	1032	
310	309	1033	
309	1032	1033	
311	310	1034	
310	1033	1034	
312	311	1035	
311	1034	1035	
313	312	1036	
312	1035	1036	
314	313	1037	
313	1036	1037	
315	314	1038	
314	1037	1038	
316	315	1039	
315	1038	1039	
317	316	1040	
316	1039	1040	
318	317	1041	
317	1040	1041	
28	318	320	
206	297	1019	
1030	206	1019	
320	318	1041	
319	320	1042	
320	1041	1042	
319	1042	1029	
1020	1021	1043	
1019	1020	1044	
1030	1019	1044	
1020	1043	1044	
1022	1023	1045	
1024	1025	1046	
1026	1027	1047	
1027	1028	1040	
1028	1029	1042	
1031	1030	1044	
1032	1031	1044	
1033	1032	1044	
1034	1033	1043	
1035	1034	1045	
1036	1035	1045	
1037	1036	1046	
1038	1037	1046	
1039	1038	1047	
1040	1039	1047	
1023	1024	1048	
1025	1026	1049	
1027	1040	1047	
1028	1042	1040	
1040	1042	1041	
1043	1033	1044	
1021	1022	1050	
1034	1043	1050	
1046	1025	1049	
1024	1046	1048	
1026	1047	1049	
1022	1045	1050	
1050	1045	1034	
1045	1023	1048	
1043	1021	1050	
1036	1045	1048	
1046	1036	1048	
1038	1046	1049	
1047	1038	1049	
215	38	327	
216	215	1051	
19	216	1052	
191	19	1052	
216	1051	1052	
192	191	1053	
191	1052	1053	
193	192	1054	
192	1053	1054	
194	193	1055	
193	1054	1055	
195	194	1056	
194	1055	1056	
196	195	1057	
195	1056	1057	
18	196	198	
39	197	321	
197	198	1058	
321	197	1058	
323	322	1059	
324	323	1060	
323	1059	1060	
325	324	1061	
324	1060	1061	
326	325	1062	
325	1061	1062	
215	327	1051	
198	196	1058	
322	321	1063	
327	326	1064	
1064	326	1062	
322	1063	1059	
1063	321	1058	
1054	1053	1062	
1055	1054	1061	
1056	1055	1060	
1057	1056	1059	
1060	1059	1056	
1061	1054	1062	
1051	327	1064	
1061	1060	1055	
1064	1062	1053	
1053	1052	1064	
1057	1059	1063	
1063	1058	1057	
1058	196	1057	
1064	1052	1051	
328	41	332	
329	328	1065	
40	329	1066	
319	40	1066	
329	1065	1066	
320	319	1067	
319	1066	1067	
28	320	331	
29	330	333	
330	331	1068	
333	330	1069	
332	333	1069	
330	1068	1069	
331	320	1067	
1068	331	1067	
328	332	1070	
1070	332	1069	
328	1070	1065	
1067	1066	1071	
1068	1067	1071	
1066	1065	1071	
1069	1068	1071	
1065	1070	1071	
1070	1069	1071	
334	38	217	
335	334	1072	
336	335	1073	
335	1072	1073	
337	336	1074	
336	1073	1074	
338	337	1075	
337	1074	1075	
339	338	1076	
338	1075	1076	
340	339	1077	
339	1076	1077	
341	340	1078	
340	1077	1078	
342	341	1079	
341	1078	1079	
343	342	1080	
342	1079	1080	
344	343	1081	
343	1080	1081	
37	344	1082	
356	37	1082	
344	1081	1082	
217	218	1083	
218	26	1084	
1083	218	1084	
26	345	1084	
345	346	1085	
345	1085	1084	
346	347	1086	
346	1086	1085	
347	348	1087	
347	1087	1086	
348	349	1088	
348	1088	1087	
349	350	1089	
349	1089	1088	
350	351	1090	
350	1090	1089	
351	352	1091	
351	1091	1090	
352	353	1092	
352	1092	1091	
353	354	1093	
353	1093	1092	
354	355	1094	
354	1094	1093	
355	25	357	
334	217	1072	
217	1083	1072	
355	357	1094	
357	356	1095	
1094	357	1095	
1095	356	1082	
1072	1083	1096	
1074	1073	1097	
1075	1074	1087	
1076	1075	1088	
1077	1076	1089	
1079	1078	1098	
1080	1079	1092	
1081	1080	1093	
1082	1081	1095	
1085	1086	1097	
1083	1084	1096	
1084	1085	1096	
1087	1088	1075	
1088	1089	1076	
1089	1090	1077	
1090	1091	1098	
1091	1092	1098	
1092	1093	1080	
1086	1087	1097	
1073	1072	1096	
1087	1074	1097	
1077	1090	1098	
1081	1093	1095	
1092	1079	1098	
1093	1094	1095	
1078	1077	1098	
1073	1096	1097	
1096	1085	1097	
358	42	234	
359	358	1099	
360	359	1100	
359	1099	1100	
361	360	1101	
360	1100	1101	
362	361	1102	
361	1101	1102	
363	362	1103	
362	1102	1103	
364	363	1104	
363	1103	1104	
365	364	1105	
364	1104	1105	
366	365	1106	
365	1105	1106	
367	366	1107	
366	1106	1107	
41	367	1108	
332	41	1108	
367	1107	1108	
234	235	1109	
235	30	1110	
1109	235	1110	
30	368	1110	
368	369	1111	
368	1111	1110	
369	370	1112	
369	1112	1111	
370	371	1113	
370	1113	1112	
371	372	1114	
371	1114	1113	
372	373	1115	
372	1115	1114	
373	374	1116	
373	1116	1115	
374	375	1117	
374	1117	1116	
375	376	1118	
375	1118	1117	
376	377	1119	
376	1119	1118	
377	29	333	
358	234	1099	
377	333	1119	
1119	333	1120	
1118	1119	1120	
333	332	1120	
234	1109	1099	
332	1108	1120	
1101	1100	1121	
1102	1101	1113	
1104	1103	1122	
1105	1104	1116	
1106	1105	1117	
1108	1107	1120	
1111	1112	1121	
1109	1110	1123	
1099	1109	1123	
1110	1111	1123	
1113	1114	1102	
1114	1115	1122	
1115	1116	1122	
1116	1117	1105	
1117	1118	1106	
1112	1113	1121	
1100	1099	1123	
1116	1104	1122	
1121	1100	1123	
1103	1102	1114	
1106	1118	1120	
1121	1113	1101	
1103	1114	1122	
1123	1111	1121	
1120	1107	1106	
378	37	356	
379	378	1124	
36	379	1125	
380	36	1125	
379	1124	1125	
381	380	1126	
380	1125	1126	
24	381	383	
25	382	357	
382	383	1127	
357	382	1128	
356	357	1128	
382	1127	1128	
383	381	1126	
1127	383	1126	
378	356	1129	
1129	356	1128	
378	1129	1124	
1126	1125	1130	
1127	1126	1130	
1125	1124	1130	
1128	1127	1130	
1124	1129	1130	
1129	1128	1130	
232	42	390	
233	232	1131	
21	233	1132	
219	21	1132	
233	1131	1132	
220	219	1133	
219	1132	1133	
221	220	1134	
220	1133	1134	
222	221	1135	
221	1134	1135	
223	222	1136	
222	1135	1136	
224	223	1137	
223	1136	1137	
225	224	1138	
224	1137	1138	
20	225	237	
43	236	384	
236	237	1139	
384	236	1139	
386	385	1140	
387	386	1141	
386	1140	1141	
388	387	1142	
387	1141	1142	
389	388	1143	
388	1142	1143	
232	390	1131	
385	384	1144	
390	389	1145	
237	225	1138	
385	1144	1140	
1145	389	1143	
237	1138	1139	
1140	1144	1137	
1133	1132	1131	
1134	1133	1143	
1135	1134	1142	
1136	1135	1141	
1137	1136	1140	
1138	1137	1144	
1141	1140	1136	
384	1139	1144	
1131	390	1145	
1142	1141	1135	
1143	1142	1134	
1131	1145	1133	
1133	1145	1143	
1144	1139	1138	
35	391	268	
391	392	1146	
392	393	1147	
392	1147	1146	
393	394	1148	
393	1148	1147	
394	395	1149	
394	1149	1148	
395	396	1150	
395	1150	1149	
396	397	1151	
396	1151	1150	
397	398	1152	
397	1152	1151	
398	399	1153	
398	1153	1152	
399	400	1154	
399	1154	1153	
400	401	1155	
400	1155	1154	
401	402	1156	
401	1156	1155	
402	36	1157	
1156	402	1157	
36	380	1157	
269	268	1158	
23	269	1159	
403	23	1159	
269	1158	1159	
404	403	1160	
403	1159	1160	
405	404	1161	
404	1160	1161	
406	405	1162	
405	1161	1162	
407	406	1163	
406	1162	1163	
408	407	1164	
407	1163	1164	
409	408	1165	
408	1164	1165	
410	409	1166	
409	1165	1166	
411	410	1167	
410	1166	1167	
412	411	1168	
411	1167	1168	
413	412	1169	
412	1168	1169	
414	413	1170	
413	1169	1170	
24	414	381	
268	391	1146	
1158	268	1146	
381	414	1170	
380	381	1171	
381	1170	1171	
380	1171	1157	
1147	1148	1172	
1146	1147	1173	
1158	1146	1173	
1147	1172	1173	
1149	1150	1174	
1151	1152	1175	
1152	1153	1166	
1153	1154	1167	
1155	1156	1176	
1156	1157	1171	
1166	1153	1167	
1159	1158	1173	
1160	1159	1173	
1161	1160	1173	
1162	1161	1172	
1163	1162	1174	
1164	1163	1174	
1165	1164	1175	
1166	1165	1175	
1168	1167	1154	
1169	1168	1176	
1170	1169	1176	
1171	1170	1176	
1156	1171	1176	
1150	1151	1177	
1152	1166	1175	
1154	1155	1168	
1172	1161	1173	
1148	1149	1178	
1168	1155	1176	
1162	1172	1178	
1151	1175	1177	
1178	1172	1148	
1149	1174	1178	
1174	1150	1177	
1174	1162	1178	
1164	1174	1177	
1175	1164	1177	
43	415	244	
415	416	1179	
416	417	1180	
416	1180	1179	
417	418	1181	
417	1181	1180	
418	419	1182	
418	1182	1181	
419	420	1183	
419	1183	1182	
420	421	1184	
420	1184	1183	
421	422	1185	
421	1185	1184	
422	423	1186	
422	1186	1185	
423	424	1187	
423	1187	1186	
424	44	1188	
1187	424	1188	
44	435	1188	
245	244	1189	
31	245	1190	
425	31	1190	
245	1189	1190	
426	425	1191	
425	1190	1191	
427	426	1192	
426	1191	1192	
428	427	1193	
427	1192	1193	
429	428	1194	
428	1193	1194	
430	429	1195	
429	1194	1195	
431	430	1196	
430	1195	1196	
432	431	1197	
431	1196	1197	
433	432	1198	
432	1197	1198	
434	433	1199	
433	1198	1199	
34	434	436	
244	415	1179	
436	434	1199	
1189	244	1179	
435	436	1200	
435	1200	1188	
1200	436	1199	
1180	1181	1201	
1179	1180	1202	
1189	1179	1202	
1180	1201	1202	
1182	1183	1203	
1183	1184	1195	
1184	1185	1196	
1185	1186	1197	
1186	1187	1198	
1187	1188	1200	
1190	1189	1202	
1196	1185	1197	
1191	1190	1202	
1192	1191	1202	
1193	1192	1201	
1194	1193	1203	
1195	1194	1203	
1196	1195	1184	
1198	1197	1186	
1183	1195	1203	
1187	1200	1198	
1201	1181	1193	
1200	1199	1198	
1201	1192	1202	
1193	1181	1203	
1181	1182	1203	
437	48	439	
438	437	1204	
32	438	1205	
252	32	1205	
438	1204	1205	
253	252	1206	
252	1205	1206	
254	253	1207	
253	1206	1207	
255	254	1208	
254	1207	1208	
256	255	1209	
255	1208	1209	
257	256	1210	
256	1209	1210	
258	257	1211	
257	1210	1211	
22	258	260	
35	259	445	
259	260	1212	
445	259	1212	
439	440	1213	
440	441	1214	
440	1214	1213	
441	442	1215	
441	1215	1214	
442	443	1216	
442	1216	1215	
443	444	1217	
443	1217	1216	
444	445	1218	
1217	444	1218	
445	1212	1218	
1204	437	1213	
260	258	1211	
1213	437	439	
260	1211	1212	
1206	1205	1204	
1207	1206	1214	
1208	1207	1215	
1209	1208	1216	
1210	1209	1217	
1215	1216	1208	
1206	1204	1213	
1214	1215	1207	
1213	1214	1206	
1216	1217	1209	
1212	1211	1218	
1218	1211	1210	
1210	1217	1218	
446	46	284	
447	446	1219	
448	447	1220	
447	1219	1220	
449	448	1221	
448	1220	1221	
450	449	1222	
449	1221	1222	
451	450	1223	
450	1222	1223	
452	451	1224	
451	1223	1224	
453	452	1225	
452	1224	1225	
454	453	1226	
453	1225	1226	
455	454	1227	
454	1226	1227	
456	455	1228	
455	1227	1228	
457	456	1229	
456	1228	1229	
45	457	1230	
457	1229	1230	
458	45	1231	
459	458	1232	
34	459	1233	
31	425	276	
425	426	1234	
426	427	1235	
426	1235	1234	
427	428	1236	
427	1236	1235	
428	429	1237	
428	1237	1236	
429	430	1238	
429	1238	1237	
430	431	1239	
430	1239	1238	
431	432	1240	
431	1240	1239	
432	433	1241	
432	1241	1240	
433	434	1242	
433	1242	1241	
434	34	1243	
434	1243	1242	
277	276	1244	
278	277	1245	
277	1244	1245	
279	278	1246	
278	1245	1246	
280	279	1247	
279	1246	1247	
281	280	1248	
280	1247	1248	
30	281	368	
369	368	1249	
370	369	1250	
369	1249	1250	
371	370	1251	
370	1250	1251	
372	371	1252	
371	1251	1252	
373	372	1253	
372	1252	1253	
374	373	1254	
373	1253	1254	
375	374	1255	
374	1254	1255	
376	375	1256	
375	1255	1256	
377	376	1257	
376	1256	1257	
29	377	1258	
377	1257	1258	
330	29	1259	
331	330	1260	
28	331	1261	
27	308	270	
308	309	1262	
309	310	1263	
309	1263	1262	
310	311	1264	
310	1264	1263	
311	312	1265	
311	1265	1264	
312	313	1266	
312	1266	1265	
313	314	1267	
313	1267	1266	
314	315	1268	
314	1268	1267	
315	316	1269	
315	1269	1268	
316	317	1270	
316	1270	1269	
317	318	1271	
317	1271	1270	
318	28	1272	
318	1272	1271	
271	270	1273	
272	271	1274	
271	1273	1274	
273	272	1275	
272	1274	1275	
274	273	1276	
273	1275	1276	
275	274	1277	
274	1276	1277	
26	275	345	
346	345	1278	
347	346	1279	
346	1278	1279	
348	347	1280	
347	1279	1280	
349	348	1281	
348	1280	1281	
350	349	1282	
349	1281	1282	
351	350	1283	
350	1282	1283	
352	351	1284	
351	1283	1284	
353	352	1285	
352	1284	1285	
354	353	1286	
353	1285	1286	
355	354	1287	
354	1286	1287	
25	355	1288	
355	1287	1288	
382	25	1289	
383	382	1290	
24	383	1291	
23	403	289	
403	404	1292	
404	405	1293	
404	1293	1292	
405	406	1294	
405	1294	1293	
406	407	1295	
406	1295	1294	
407	408	1296	
407	1296	1295	
408	409	1297	
408	1297	1296	
409	410	1298	
409	1298	1297	
410	411	1299	
410	1299	1298	
411	412	1300	
411	1300	1299	
412	413	1301	
412	1301	1300	
413	414	1302	
413	1302	1301	
414	24	1303	
414	1303	1302	
284	285	1304	
285	286	1305	
285	1305	1304	
286	287	1306	
286	1306	1305	
287	288	1307	
287	1307	1306	
289	403	1292	
45	1230	1231	
459	1232	1233	
34	1233	1243	
276	425	1244	
1244	425	1234	
368	281	1248	
1249	368	1248	
330	1259	1260	
29	1258	1259	
331	1260	1261	
28	1261	1272	
270	308	1273	
1273	308	1262	
345	275	1277	
1278	345	1277	
25	1288	1289	
382	1289	1290	
383	1290	1291	
24	1291	1303	
458	1231	1232	
288	289	1308	
446	284	1304	
288	1308	1307	
1219	446	1304	
1221	1220	1309	
1222	1221	1310	
1221	1309	1310	
1223	1222	1311	
1222	1310	1311	
1224	1223	1312	
1223	1311	1312	
1225	1224	1313	
1224	1312	1313	
1226	1225	1314	
1225	1313	1314	
1227	1226	1315	
1226	1314	1315	
1228	1227	1316	
1227	1315	1316	
1229	1228	1317	
1228	1316	1317	
1230	1229	1318	
1229	1317	1318	
1233	1232	1319	
1235	1236	1320	
1234	1235	1321	
1235	1320	1321	
1237	1238	1322	
1238	1239	1323	
1238	1323	1322	
1239	1240	1324	
1239	1324	1323	
1240	1241	1325	
1240	1325	1324	
1241	1242	1326	
1241	1326	1325	
1242	1243	1327	
1242	1327	1326	
1249	1248	1328	
1244	1234	1321	
1260	1259	1329	
1246	1245	1330	
1247	1246	1331	
1246	1330	1331	
1248	1247	1328	
1250	1249	1328	
1251	1250	1332	
1252	1251	1333	
1251	1332	1333	
1253	1252	1334	
1252	1333	1334	
1254	1253	1335	
1253	1334	1335	
1255	1254	1336	
1254	1335	1336	
1256	1255	1337	
1255	1336	1337	
1257	1256	1338	
1256	1337	1338	
1258	1257	1339	
1257	1338	1339	
1261	1260	1340	
1263	1264	1341	
1262	1263	1342	
1263	1341	1342	
1265	1266	1343	
1266	1267	1344	
1266	1344	1343	
1267	1268	1345	
1267	1345	1344	
1268	1269	1346	
1268	1346	1345	
1269	1270	1347	
1269	1347	1346	
1270	1271	1348	
1270	1348	1347	
1271	1272	1349	
1271	1349	1348	
1278	1277	1350	
1273	1262	1342	
1289	1288	1351	
1275	1274	1352	
1276	1275	1353	
1275	1352	1353	
1277	1276	1350	
1279	1278	1350	
1280	1279	1354	
1281	1280	1355	
1280	1354	1355	
1282	1281	1356	
1281	1355	1356	
1283	1282	1357	
1282	1356	1357	
1284	1283	1358	
1283	1357	1358	
1285	1284	1359	
1284	1358	1359	
1286	1285	1360	
1285	1359	1360	
1287	1286	1361	
1286	1360	1361	
1288	1287	1362	
1287	1361	1362	
1290	1289	1363	
1293	1294	1364	
1292	1293	1365	
1293	1364	1365	
1295	1296	1366	
1296	1297	1367	
1296	1367	1366	
1297	1298	1368	
1297	1368	1367	
1298	1299	1369	
1298	1369	1368	
1299	1300	1370	
1299	1370	1369	
1300	1301	1371	
1300	1371	1370	
1301	1302	1372	
1301	1372	1371	
1302	1303	1373	
1302	1373	1372	
1232	1231	1374	
1305	1306	1375	
1308	289	1292	
1304	1305	1376	
1305	1375	1376	
1219	1304	1376	
1231	1230	1377	
1220	1219	1376	
1243	1233	1378	
1236	1237	1379	
1237	1322	1379	
1245	1244	1321	
1259	1258	1380	
1272	1261	1381	
1264	1265	1382	
1264	1382	1341	
1274	1273	1342	
1291	1290	1383	
1303	1291	1384	
1294	1295	1385	
1364	1294	1385	
1295	1366	1385	
1306	1307	1386	
1306	1386	1375	
1308	1292	1365	
1309	1220	1376	
1230	1318	1377	
1319	1232	1387	
1232	1374	1387	
1245	1321	1330	
1260	1329	1388	
1260	1388	1340	
1261	1340	1381	
1327	1243	1378	
1250	1328	1332	
1259	1380	1389	
1259	1389	1329	
1328	1247	1331	
1274	1342	1352	
1382	1265	1343	
1308	1365	1307	
1258	1339	1380	
1307	1365	1386	
1289	1351	1363	
1288	1362	1351	
1349	1272	1381	
1279	1350	1354	
1291	1383	1384	
1350	1276	1353	
1290	1363	1390	
1290	1390	1383	
1373	1303	1384	
1374	1231	1377	
1233	1319	1391	
1233	1391	1378	
1320	1236	1379	
1311	1310	1392	
1312	1311	1393	
1311	1392	1393	
1313	1312	1394	
1312	1393	1394	
1314	1313	1395	
1313	1394	1395	
1315	1314	1396	
1314	1395	1396	
1316	1315	1397	
1315	1396	1397	
1317	1316	1398	
1316	1397	1398	
1318	1317	1399	
1317	1398	1399	
1323	1324	1400	
1322	1323	1401	
1323	1400	1401	
1325	1326	1402	
1326	1327	1403	
1326	1403	1402	
1328	1331	1404	
1328	1404	1332	
1352	1342	1405	
1342	1341	1405	
1333	1332	1406	
1332	1404	1406	
1334	1333	1407	
1333	1406	1407	
1335	1334	1408	
1334	1407	1408	
1336	1335	1409	
1335	1408	1409	
1337	1336	1410	
1336	1409	1410	
1338	1337	1411	
1337	1410	1411	
1339	1338	1412	
1338	1411	1412	
1381	1340	1413	
1368	1369	1414	
1365	1364	1415	
1365	1415	1386	
1353	1352	1405	
1344	1345	1416	
1343	1344	1417	
1344	1416	1417	
1346	1347	1418	
1347	1348	1419	
1347	1419	1418	
1348	1349	1420	
1348	1420	1419	
1382	1343	1421	
1343	1417	1421	
1349	1381	1422	
1345	1346	1423	
1345	1423	1416	
1363	1351	1424	
1355	1354	1425	
1384	1383	1426	
1331	1330	1427	
1404	1331	1427	
1330	1321	1427	
1356	1355	1428	
1355	1425	1428	
1357	1356	1429	
1356	1428	1429	
1358	1357	1430	
1357	1429	1430	
1359	1358	1431	
1358	1430	1431	
1360	1359	1432	
1359	1431	1432	
1361	1360	1433	
1360	1432	1433	
1362	1361	1434	
1361	1433	1434	
1351	1362	1435	
1375	1386	1415	
1324	1325	1436	
1325	1402	1436	
1321	1320	1427	
1309	1376	1437	
1376	1375	1437	
1367	1368	1438	
1368	1414	1438	
1366	1367	1439	
1367	1438	1439	
1369	1370	1440	
1369	1440	1414	
1370	1371	1441	
1370	1441	1440	
1371	1372	1442	
1371	1442	1441	
1372	1373	1443	
1372	1443	1442	
1380	1339	1444	
1389	1380	1444	
1339	1412	1444	
1379	1322	1445	
1322	1401	1445	
1377	1318	1446	
1320	1379	1447	
1427	1320	1447	
1379	1445	1447	
1310	1309	1437	
1327	1378	1448	
1354	1350	1449	
1425	1354	1449	
1350	1353	1449	
1341	1382	1450	
1405	1341	1450	
1382	1421	1450	
1373	1384	1451	
1374	1377	1452	
1387	1374	1453	
1374	1452	1453	
1318	1399	1446	
1400	1324	1436	
1388	1329	1454	
1329	1389	1454	
1377	1446	1452	
1381	1413	1422	
1451	1384	1426	
1385	1366	1455	
1366	1439	1455	
1327	1448	1403	
1413	1340	1456	
1340	1388	1456	
1426	1383	1457	
1383	1390	1457	
1363	1424	1458	
1363	1458	1390	
1349	1422	1420	
1423	1346	1418	
1373	1451	1443	
1424	1351	1435	
1310	1437	1392	
1435	1362	1434	
1375	1415	1437	
1391	1319	1459	
1319	1387	1459	
1378	1391	1448	
1449	1353	1405	
1364	1385	1460	
1415	1364	1460	
1385	1455	1460	
1394	1393	1439	
1395	1394	1438	
1396	1395	1414	
1398	1397	1441	
1402	1403	1411	
1428	1425	1450	
1445	1401	1407	
1406	1404	1447	
1407	1406	1445	
1452	1446	1461	
1408	1407	1401	
1409	1408	1400	
1410	1409	1436	
1411	1410	1402	
1412	1411	1403	
1403	1448	1412	
1418	1419	1432	
1436	1409	1400	
1439	1393	1462	
1455	1439	1462	
1393	1392	1462	
1451	1426	1461	
1420	1422	1463	
1394	1439	1438	
1404	1427	1447	
1433	1432	1419	
1412	1448	1444	
1436	1402	1410	
1438	1414	1395	
1441	1442	1398	
1424	1435	1464	
1437	1415	1460	
1401	1400	1408	
1443	1451	1465	
1414	1440	1396	
1448	1391	1444	
1435	1434	1463	
1449	1405	1425	
1422	1413	1464	
1446	1399	1465	
1418	1432	1466	
1423	1418	1466	
1432	1431	1466	
1445	1406	1447	
1425	1405	1450	
1398	1442	1467	
1424	1464	1468	
1458	1424	1468	
1464	1413	1468	
1397	1396	1440	
1399	1398	1467	
1454	1389	1469	
1428	1450	1421	
1452	1461	1470	
1453	1452	1470	
1461	1426	1470	
1461	1446	1451	
1456	1388	1471	
1388	1454	1471	
1457	1390	1472	
1390	1458	1472	
1435	1463	1464	
1417	1416	1473	
1419	1420	1474	
1421	1417	1475	
1463	1422	1464	
1440	1441	1397	
1420	1463	1474	
1416	1423	1476	
1392	1437	1460	
1426	1457	1470	
1413	1456	1468	
1429	1428	1475	
1430	1429	1473	
1431	1430	1476	
1434	1433	1474	
1459	1387	1477	
1387	1453	1477	
1391	1459	1469	
1417	1473	1475	
1442	1443	1467	
1389	1444	1469	
1463	1434	1474	
1429	1475	1473	
1451	1446	1465	
1416	1476	1473	
1476	1430	1473	
1458	1468	1478	
1472	1458	1478	
1468	1456	1478	
1444	1391	1469	
1428	1421	1475	
1443	1465	1467	
1453	1470	1479	
1477	1453	1479	
1470	1457	1479	
1433	1419	1474	
1476	1423	1466	
1454	1469	1480	
1471	1454	1480	
1469	1459	1480	
1467	1465	1399	
1431	1476	1466	
1479	1457	1472	
1480	1459	1477	
1478	1456	1471	
1455	1462	1460	
1472	1478	1481	
1479	1472	1481	
1478	1471	1481	
1480	1477	1481	
1392	1460	1462	
1477	1479	1481	
1471	1480	1481	
290	46	461	
292	291	1482	
293	292	1483	
292	1482	1483	
294	293	1484	
293	1483	1484	
295	294	1484	
296	295	1485	
295	1484	1485	
33	296	282	
283	282	1486	
32	283	1487	
438	32	1487	
283	1486	1487	
48	437	1488	
48	1488	460	
437	438	1489	
461	460	1490	
460	1488	1490	
290	461	1490	
1482	291	1490	
291	290	1490	
282	296	1486	
438	1487	1489	
1488	437	1489	
1484	1483	1491	
1485	1484	1491	
1489	1487	1491	
1490	1488	1482	
1487	1486	1491	
1482	1488	1491	
1488	1489	1491	
1483	1482	1491	
296	1485	1486	
1486	1485	1491	
462	47	464	
463	462	1492	
44	463	1493	
435	44	1493	
463	1492	1493	
436	435	1494	
435	1493	1494	
34	436	459	
45	458	465	
458	459	1495	
465	458	1496	
464	465	1496	
458	1495	1496	
459	436	1494	
1495	459	1494	
462	464	1497	
1497	464	1496	
462	1497	1492	
1494	1493	1498	
1495	1494	1498	
1493	1492	1498	
1496	1495	1498	
1492	1497	1498	
1497	1496	1498	
48	466	439	
466	467	1499	
467	468	1500	
467	1500	1499	
468	469	1501	
468	1501	1500	
469	470	1502	
469	1502	1501	
470	471	1503	
470	1503	1502	
471	472	1504	
471	1504	1503	
472	473	1505	
472	1505	1504	
473	474	1506	
473	1506	1505	
474	475	1507	
474	1507	1506	
475	476	1508	
475	1508	1507	
476	477	1509	
476	1509	1508	
477	47	1510	
477	1510	1509	
47	462	1511	
462	463	1512	
463	44	1513	
415	43	384	
416	415	1514	
417	416	1515	
416	1514	1515	
418	417	1516	
417	1515	1516	
419	418	1517	
418	1516	1517	
420	419	1518	
419	1517	1518	
421	420	1519	
420	1518	1519	
422	421	1520	
421	1519	1520	
423	422	1521	
422	1520	1521	
424	423	1522	
423	1521	1522	
44	424	1523	
424	1522	1523	
384	385	1524	
385	386	1525	
385	1525	1524	
386	387	1526	
386	1526	1525	
387	388	1527	
387	1527	1526	
388	389	1528	
388	1528	1527	
389	390	1529	
389	1529	1528	
390	42	1530	
1529	390	1530	
42	358	1530	
358	359	1531	
358	1531	1530	
359	360	1532	
359	1532	1531	
360	361	1533	
360	1533	1532	
361	362	1534	
361	1534	1533	
362	363	1535	
362	1535	1534	
363	364	1536	
363	1536	1535	
364	365	1537	
364	1537	1536	
365	366	1538	
365	1538	1537	
366	367	1539	
366	1539	1538	
367	41	1540	
367	1540	1539	
41	328	1541	
41	1541	1540	
328	329	1542	
329	40	1543	
297	39	321	
298	297	1544	
299	298	1545	
298	1544	1545	
300	299	1546	
299	1545	1546	
301	300	1547	
300	1546	1547	
302	301	1548	
301	1547	1548	
303	302	1549	
302	1548	1549	
304	303	1550	
303	1549	1550	
305	304	1551	
304	1550	1551	
306	305	1552	
305	1551	1552	
307	306	1553	
306	1552	1553	
40	307	1554	
307	1553	1554	
321	322	1555	
322	323	1556	
322	1556	1555	
323	324	1557	
323	1557	1556	
324	325	1558	
324	1558	1557	
325	326	1559	
325	1559	1558	
326	327	1560	
326	1560	1559	
327	38	1561	
1560	327	1561	
38	334	1561	
334	335	1562	
334	1562	1561	
335	336	1563	
335	1563	1562	
336	337	1564	
336	1564	1563	
337	338	1565	
337	1565	1564	
338	339	1566	
338	1566	1565	
339	340	1567	
339	1567	1566	
340	341	1568	
340	1568	1567	
341	342	1569	
341	1569	1568	
342	343	1570	
342	1570	1569	
343	344	1571	
343	1571	1570	
344	37	1572	
344	1572	1571	
37	378	1573	
37	1573	1572	
378	379	1574	
379	36	1575	
391	35	445	
392	391	1576	
393	392	1577	
392	1576	1577	
394	393	1578	
393	1577	1578	
395	394	1579	
394	1578	1579	
396	395	1580	
395	1579	1580	
397	396	1581	
396	1580	1581	
398	397	1582	
397	1581	1582	
399	398	1583	
398	1582	1583	
400	399	1584	
399	1583	1584	
401	400	1585	
400	1584	1585	
402	401	1586	
401	1585	1586	
36	402	1587	
402	1586	1587	
440	439	1588	
441	440	1589	
440	1588	1589	
442	441	1590	
441	1589	1590	
443	442	1591	
442	1590	1591	
444	443	1592	
443	1591	1592	
445	444	1593	
444	1592	1593	
415	384	1524	
297	321	1555	
47	1511	1510	
1511	462	1512	
463	1513	1512	
1514	415	1524	
44	1523	1513	
297	1555	1544	
1543	40	1554	
328	1542	1541	
1542	329	1543	
1575	36	1587	
378	1574	1573	
1574	379	1575	
391	445	1576	
466	1499	1588	
439	466	1588	
1500	1501	1594	
1499	1500	1595	
1500	1594	1595	
1502	1503	1596	
1503	1504	1597	
1503	1597	1596	
1504	1505	1598	
1504	1598	1597	
1505	1506	1599	
1505	1599	1598	
1506	1507	1600	
1506	1600	1599	
1507	1508	1601	
1507	1601	1600	
1508	1509	1602	
1508	1602	1601	
1509	1510	1603	
1509	1603	1602	
1511	1512	1604	
1512	1513	1605	
1516	1515	1606	
1517	1516	1607	
1516	1606	1607	
1518	1517	1608	
1517	1607	1608	
1519	1518	1609	
1518	1608	1609	
1520	1519	1610	
1519	1609	1610	
1521	1520	1611	
1520	1610	1611	
1522	1521	1612	
1521	1611	1612	
1523	1522	1613	
1522	1612	1613	
1525	1526	1614	
1524	1525	1615	
1514	1524	1615	
1525	1614	1615	
1527	1528	1616	
1528	1529	1617	
1528	1617	1616	
1532	1533	1618	
1533	1534	1619	
1533	1619	1618	
1534	1535	1620	
1534	1620	1619	
1535	1536	1621	
1535	1621	1620	
1536	1537	1622	
1536	1622	1621	
1537	1538	1623	
1537	1623	1622	
1538	1539	1624	
1538	1624	1623	
1539	1540	1625	
1539	1625	1624	
1540	1541	1626	
1542	1543	1627	
1575	1587	1628	
1543	1554	1629	
1510	1511	1630	
1546	1545	1631	
1547	1546	1632	
1546	1631	1632	
1548	1547	1633	
1547	1632	1633	
1549	1548	1634	
1548	1633	1634	
1550	1549	1635	
1549	1634	1635	
1551	1550	1636	
1550	1635	1636	
1552	1551	1637	
1551	1636	1637	
1553	1552	1638	
1552	1637	1638	
1554	1553	1639	
1553	1638	1639	
1556	1557	1640	
1541	1542	1641	
1541	1641	1626	
1555	1556	1642	
1555	1642	1544	
1558	1559	1643	
1559	1560	1644	
1559	1644	1643	
1560	1561	1645	
1644	1560	1645	
1561	1562	1645	
1563	1564	1646	
1562	1563	1647	
1645	1562	1647	
1563	1646	1647	
1564	1565	1648	
1564	1648	1646	
1565	1566	1649	
1565	1649	1648	
1566	1567	1650	
1566	1650	1649	
1567	1568	1651	
1567	1651	1650	
1568	1569	1652	
1568	1652	1651	
1569	1570	1653	
1569	1653	1652	
1570	1571	1654	
1570	1654	1653	
1571	1572	1655	
1571	1655	1654	
1572	1573	1656	
1574	1575	1657	
1588	1499	1658	
1589	1588	1658	
1499	1595	1658	
1573	1574	1659	
1573	1659	1656	
1578	1577	1660	
1579	1578	1661	
1578	1660	1661	
1580	1579	1662	
1579	1661	1662	
1581	1580	1663	
1580	1662	1663	
1582	1581	1664	
1581	1663	1664	
1583	1582	1665	
1582	1664	1665	
1584	1583	1666	
1583	1665	1666	
1585	1584	1667	
1584	1666	1667	
1586	1585	1668	
1585	1667	1668	
1587	1586	1669	
1586	1668	1669	
1590	1589	1670	
1589	1658	1670	
1591	1590	1671	
1590	1670	1671	
1592	1591	1672	
1591	1671	1672	
1513	1523	1673	
1501	1502	1674	
1502	1596	1674	
1515	1514	1615	
1526	1527	1675	
1527	1616	1675	
1545	1544	1676	
1631	1545	1676	
1544	1642	1676	
1557	1558	1677	
1640	1557	1677	
1558	1643	1677	
1511	1604	1630	
1603	1510	1630	
1604	1512	1678	
1512	1605	1678	
1641	1542	1679	
1542	1627	1679	
1629	1554	1639	
1523	1613	1673	
1614	1526	1675	
1628	1587	1669	
1529	1530	1680	
1617	1529	1680	
1530	1531	1680	
1531	1532	1681	
1627	1543	1629	
1540	1626	1625	
1575	1628	1657	
1556	1640	1642	
1572	1656	1655	
1574	1657	1682	
1574	1682	1659	
1606	1515	1615	
1513	1673	1683	
1513	1683	1605	
1576	445	1593	
1594	1501	1674	
1593	1592	1684	
1593	1684	1576	
1532	1618	1681	
1577	1576	1684	
1577	1684	1660	
1656	1659	1685	
1597	1598	1686	
1596	1597	1687	
1597	1686	1687	
1599	1600	1688	
1600	1601	1689	
1600	1689	1688	
1601	1602	1690	
1601	1690	1689	
1602	1603	1691	
1602	1691	1690	
1632	1631	1692	
1658	1595	1693	
1658	1693	1670	
1603	1630	1694	
1608	1607	1695	
1609	1608	1696	
1608	1695	1696	
1610	1609	1697	
1609	1696	1697	
1611	1610	1698	
1610	1697	1698	
1612	1611	1699	
1611	1698	1699	
1613	1612	1700	
1612	1699	1700	
1628	1669	1701	
1680	1531	1681	
1619	1620	1702	
1618	1619	1703	
1619	1702	1703	
1627	1629	1704	
1621	1622	1705	
1622	1623	1706	
1622	1706	1705	
1623	1624	1707	
1623	1707	1706	
1624	1625	1708	
1624	1708	1707	
1657	1628	1709	
1629	1639	1710	
1620	1621	1711	
1621	1705	1711	
1625	1626	1712	
1648	1649	1713	
1673	1613	1714	
1633	1632	1715	
1632	1692	1715	
1634	1633	1716	
1633	1715	1716	
1635	1634	1717	
1634	1716	1717	
1636	1635	1718	
1635	1717	1718	
1637	1636	1719	
1636	1718	1719	
1638	1637	1720	
1637	1719	1720	
1639	1638	1721	
1638	1720	1721	
1626	1641	1722	
1655	1656	1723	
1644	1645	1724	
1645	1647	1724	
1643	1644	1724	
1649	1650	1725	
1649	1725	1713	
1642	1640	1676	
1607	1606	1726	
1607	1726	1695	
1646	1648	1727	
1648	1713	1727	
1650	1651	1728	
1650	1728	1725	
1651	1652	1729	
1651	1729	1728	
1652	1653	1730	
1652	1730	1729	
1653	1654	1731	
1653	1731	1730	
1654	1655	1732	
1654	1732	1731	
1592	1672	1684	
1681	1618	1733	
1618	1703	1733	
1661	1660	1734	
1617	1680	1681	
1662	1661	1735	
1661	1734	1735	
1663	1662	1736	
1662	1735	1736	
1664	1663	1737	
1663	1736	1737	
1665	1664	1738	
1664	1737	1738	
1666	1665	1739	
1665	1738	1739	
1667	1666	1740	
1666	1739	1740	
1668	1667	1741	
1667	1740	1741	
1669	1668	1742	
1668	1741	1742	
1598	1599	1743	
1599	1688	1743	
1594	1674	1744	
1671	1670	1745	
1670	1693	1745	
1614	1675	1746	
1660	1684	1747	
1734	1660	1747	
1684	1672	1747	
1674	1596	1748	
1596	1687	1748	
1595	1594	1693	
1630	1604	1749	
1617	1681	1750	
1616	1617	1750	
1681	1733	1750	
1594	1744	1693	
1626	1722	1712	
1691	1603	1694	
1692	1631	1751	
1631	1676	1751	
1678	1605	1752	
1605	1683	1752	
1679	1627	1753	
1627	1704	1753	
1723	1656	1685	
1641	1679	1754	
1641	1754	1722	
1677	1643	1755	
1643	1724	1755	
1694	1630	1749	
1628	1701	1709	
1714	1613	1700	
1701	1669	1742	
1676	1640	1751	
1598	1743	1686	
1702	1620	1711	
1685	1659	1756	
1659	1682	1756	
1751	1640	1677	
1704	1629	1710	
1625	1712	1708	
1710	1639	1721	
1657	1709	1757	
1657	1757	1682	
1615	1614	1606	
1673	1714	1683	
1604	1678	1758	
1604	1758	1749	
1655	1723	1732	
1747	1672	1671	
1647	1646	1759	
1724	1647	1759	
1646	1727	1759	
1726	1606	1746	
1674	1748	1744	
1606	1614	1746	
1616	1750	1675	
1675	1750	1746	
1712	1722	1760	
1689	1690	1740	
1686	1743	1737	
1737	1743	1738	
1715	1692	1761	
1701	1742	1762	
1697	1696	1763	
1698	1697	1705	
1700	1699	1764	
1723	1685	1765	
1710	1721	1766	
1714	1700	1767	
1707	1708	1764	
1708	1712	1767	
1704	1710	1765	
1691	1694	1762	
1706	1707	1764	
1725	1728	1768	
1703	1702	1769	
1716	1715	1713	
1717	1716	1768	
1718	1717	1770	
1717	1768	1770	
1719	1718	1771	
1718	1770	1771	
1720	1719	1772	
1719	1771	1772	
1721	1720	1773	
1766	1721	1773	
1720	1772	1773	
1728	1729	1770	
1694	1749	1774	
1729	1730	1771	
1730	1731	1772	
1731	1732	1773	
1747	1671	1745	
1751	1677	1755	
1696	1695	1769	
1709	1701	1774	
1736	1735	1748	
1740	1739	1689	
1741	1740	1690	
1692	1751	1775	
1761	1692	1775	
1751	1755	1775	
1732	1723	1766	
1695	1726	1769	
1702	1711	1763	
1683	1714	1760	
1748	1735	1776	
1744	1748	1776	
1735	1734	1776	
1747	1745	1777	
1734	1747	1777	
1745	1693	1777	
1736	1748	1687	
1689	1739	1688	
1736	1687	1686	
1736	1686	1737	
1741	1690	1778	
1778	1690	1691	
1738	1743	1688	
1754	1679	1779	
1679	1753	1779	
1755	1724	1759	
1766	1723	1765	
1678	1752	1780	
1678	1780	1758	
1773	1732	1766	
1772	1731	1773	
1701	1762	1774	
1771	1730	1772	
1698	1705	1781	
1700	1764	1767	
1699	1698	1781	
1713	1715	1761	
1756	1682	1782	
1682	1757	1782	
1769	1702	1763	
1762	1694	1774	
1711	1705	1763	
1765	1710	1766	
1764	1708	1767	
1704	1765	1783	
1753	1704	1783	
1765	1685	1783	
1685	1756	1783	
1768	1728	1770	
1703	1769	1784	
1733	1703	1784	
1769	1726	1784	
1770	1729	1771	
1716	1713	1768	
1784	1726	1746	
1713	1761	1727	
1774	1749	1785	
1709	1774	1785	
1749	1758	1785	
1696	1769	1763	
1759	1727	1775	
1709	1785	1757	
1705	1697	1763	
1727	1761	1775	
1688	1739	1738	
1693	1744	1777	
1742	1741	1778	
1750	1733	1784	
1746	1750	1784	
1683	1760	1786	
1752	1683	1786	
1760	1722	1786	
1786	1722	1754	
1778	1691	1762	
1786	1754	1787	
1752	1786	1787	
1754	1779	1787	
1753	1783	1788	
1779	1753	1788	
1783	1756	1788	
1767	1712	1760	
1705	1706	1781	
1714	1767	1760	
1785	1758	1789	
1757	1785	1789	
1758	1780	1789	
1713	1725	1768	
1742	1778	1762	
1734	1777	1776	
1775	1755	1759	
1776	1777	1744	
1780	1752	1787	
1788	1756	1782	
1782	1757	1789	
1699	1781	1764	
1787	1779	1790	
1780	1787	1790	
1779	1788	1790	
1788	1782	1790	
1706	1764	1781	
1789	1780	1790	
1782	1789	1790	
466	48	460	
467	466	1791	
468	467	1792	
467	1791	1792	
469	468	1793	
468	1792	1793	
470	469	1794	
469	1793	1794	
471	470	1795	
470	1794	1795	
472	471	1796	
471	1795	1796	
473	472	1797	
472	1796	1797	
474	473	1798	
473	1797	1798	
475	474	1799	
474	1798	1799	
476	475	1800	
475	1799	1800	
477	476	1801	
476	1800	1801	
47	477	1802	
464	47	1802	
477	1801	1802	
460	461	1803	
461	46	1804	
1803	461	1804	
46	446	1804	
446	447	1805	
446	1805	1804	
447	448	1806	
447	1806	1805	
448	449	1807	
448	1807	1806	
449	450	1808	
449	1808	1807	
450	451	1809	
450	1809	1808	
451	452	1810	
451	1810	1809	
452	453	1811	
452	1811	1810	
453	454	1812	
453	1812	1811	
454	455	1813	
454	1813	1812	
455	456	1814	
455	1814	1813	
456	457	1815	
456	1815	1814	
457	45	465	
466	460	1791	
460	1803	1791	
457	465	1815	
465	464	1816	
1815	465	1816	
1816	464	1802	
1791	1803	1817	
1793	1792	1818	
1794	1793	1807	
1795	1794	1808	
1796	1795	1809	
1797	1796	1810	
1799	1798	1819	
1800	1799	1813	
1801	1800	1814	
1802	1801	1816	
1805	1806	1818	
1803	1804	1817	
1804	1805	1817	
1807	1808	1794	
1808	1809	1795	
1809	1810	1796	
1810	1811	1797	
1811	1812	1819	
1812	1813	1819	
1813	1814	1800	
1814	1815	1816	
1806	1807	1818	
1792	1791	1817	
1801	1814	1816	
