401	3
0.75	0.5	0
1	1	0
0	1	0
1	0	0
0	0	0
0.05	0	0
0.1	0	0
0.15	0	0
0.2	0	0
0.25	0	0
0.3	0	0
0.35	0	0
0.4	0	0
0.45	0	0
0.5	0	0
0.55	0	0
0.6	0	0
0.65	0	0
0.7	0	0
0.75	0	0
0.8	0	0
0.85	0	0
0.9	0	0
0.95	0	0
0	0.95	0
0	0.9	0
0	0.85	0
0	0.8	0
0	0.75	0
0	0.7	0
0	0.65	0
0	0.6	0
0	0.55	0
0	0.5	0
0	0.45	0
0	0.4	0
0	0.35	0
0	0.3	0
0	0.25	0
0	0.2	0
0	0.15	0
0	0.1	0
0	0.05	0
1	0.05	0
1	0.1	0
1	0.15	0
1	0.2	0
1	0.25	0
1	0.3	0
1	0.35	0
1	0.4	0
1	0.45	0
1	0.5	0
1	0.55	0
1	0.6	0
1	0.65	0
1	0.7	0
1	0.75	0
1	0.8	0
1	0.85	0
1	0.9	0
1	0.95	0
0.95	1	0
0.9	1	0
0.85	1	0
0.8	1	0
0.75	1	0
0.7	1	0
0.65	1	0
0.6	1	0
0.55	1	0
0.5	1	0
0.45	1	0
0.4	1	0
0.35	1	0
0.3	1	0
0.25	1	0
0.2	1	0
0.15	1	0
0.1	1	0
0.05	1	0
0.744882	0.550325	0
0.729739	0.598589	0
0.705191	0.642817	0
0.672242	0.681198	0
0.632241	0.712161	0
0.586826	0.734438	0
0.537857	0.747117	0
0.487338	0.749679	0
0.437337	0.742019	0
0.389901	0.724451	0
0.346974	0.697694	0
0.31031	0.662843	0
0.281413	0.621325	0
0.261465	0.574841	0
0.251283	0.525292	0
0.251283	0.474708	0
0.261465	0.425159	0
0.281413	0.378675	0
0.31031	0.337157	0
0.346974	0.302306	0
0.389901	0.275549	0
0.437337	0.257981	0
0.487338	0.250321	0
0.537857	0.252883	0
0.586826	0.265562	0
0.632241	0.287839	0
0.672242	0.318802	0
0.705191	0.357183	0
0.729739	0.401411	0
0.744882	0.449675	0
0.0691888	0.0440225	0
0.174571	0.0431022	0
0.275781	0.043684	0
0.375768	0.0447962	0
0.475988	0.0419802	0
0.576525	0.04391	0
0.676652	0.0439843	0
0.775312	0.0417337	0
0.87366	0.0439213	0
0.0410079	0.930044	0
0.0427589	0.827036	0
0.0451098	0.727257	0
0.044372	0.625896	0
0.0422783	0.524933	0
0.041854	0.424803	0
0.0430597	0.325322	0
0.0434047	0.226077	0
0.0447101	0.126881	0
0.955952	0.0692641	0
0.955746	0.175086	0
0.957143	0.275405	0
0.956999	0.374698	0
0.957616	0.474598	0
0.956769	0.575003	0
0.952302	0.675667	0
0.955344	0.775543	0
0.953398	0.874065	0
0.930465	0.956647	0
0.826815	0.957895	0
0.72673	0.957411	0
0.626243	0.957166	0
0.526206	0.957563	0
0.425219	0.956446	0
0.32439	0.953384	0
0.224792	0.955416	0
0.129969	0.960067	0
0.0832163	0.953576	0
0.78854	0.528994	0
0.77805	0.58644	0
0.755081	0.640033	0
0.721586	0.686987	0
0.678952	0.727187	0
0.629185	0.760468	0
0.573326	0.78116	0
0.513808	0.789459	0
0.455099	0.786842	0
0.397292	0.772861	0
0.344964	0.746521	0
0.3002	0.708423	0
0.263984	0.664673	0
0.234835	0.615071	0
0.216781	0.560625	0
0.210002	0.502097	0
0.214319	0.442951	0
0.232636	0.386936	0
0.259895	0.334338	0
0.296325	0.288821	0
0.344037	0.251537	0
0.397481	0.226425	0
0.455116	0.213039	0
0.513284	0.210698	0
0.571541	0.219293	0
0.626239	0.239713	0
0.675856	0.271462	0
0.718224	0.310889	0
0.752382	0.358284	0
0.776972	0.411818	0
0.788339	0.469552	0
0.122333	0.0453021	0
0.225504	0.0426496	0
0.325784	0.0448463	0
0.425693	0.043221	0
0.526362	0.0425555	0
0.626772	0.0443951	0
0.726037	0.042822	0
0.824919	0.0420614	0
0.917865	0.0420113	0
0.0406362	0.876972	0
0.0445209	0.777293	0
0.0448319	0.676694	0
0.043668	0.575223	0
0.0413958	0.474708	0
0.0426708	0.375182	0
0.0433725	0.27562	0
0.0436806	0.176228	0
0.0421803	0.0822909	0
0.954084	0.122738	0
0.956535	0.225702	0
0.957168	0.325158	0
0.957379	0.424428	0
0.957575	0.524567	0
0.954276	0.625555	0
0.953572	0.725482	0
0.95474	0.825575	0
0.95692	0.918252	0
0.878314	0.957054	0
0.777064	0.956412	0
0.676314	0.958019	0
0.576363	0.956628	0
0.475751	0.95794	0
0.374846	0.954299	0
0.274193	0.953831	0
0.176782	0.957772	0
0.853008	0.919702	0
0.30107	0.089065	0
0.0901843	0.704724	0
0.402394	0.088898	0
0.201315	0.084269	0
0.502185	0.0831262	0
0.603396	0.088905	0
0.703908	0.0874581	0
0.800113	0.0822804	0
0.904555	0.0928636	0
0.0879475	0.805541	0
0.251136	0.0857453	0
0.0864475	0.549042	0
0.0834598	0.854141	0
0.0881789	0.600594	0
0.0905938	0.755555	0
0.0824843	0.449325	0
0.0856886	0.350729	0
0.0873027	0.25176	0
0.0875385	0.151857	0
0.912676	0.202684	0
0.911232	0.151018	0
0.82949	0.565864	0
0.552221	0.913412	0
0.915176	0.300341	0
0.913885	0.398555	0
0.914804	0.499045	0
0.912265	0.599543	0
0.903094	0.702486	0
0.912387	0.801517	0
0.904127	0.906172	0
0.451592	0.915831	0
0.149921	0.086941	0
0.0929468	0.0954564	0
0.603402	0.912584	0
0.75349	0.912769	0
0.502019	0.916895	0
0.652813	0.915832	0
0.349357	0.90667	0
0.246727	0.908518	0
0.153254	0.917305	0
0.452029	0.0839226	0
0.0889216	0.652727	0
0.808705	0.631188	0
0.351503	0.0909288	0
0.777594	0.688183	0
0.73214	0.735743	0
0.680841	0.777484	0
0.618821	0.816594	0
0.548619	0.827123	0
0.480864	0.833659	0
0.414609	0.821895	0
0.347153	0.804713	0
0.293007	0.758384	0
0.248628	0.7125	0
0.215568	0.662148	0
0.181927	0.604455	0
0.171994	0.538996	0
0.165844	0.472315	0
0.178374	0.400422	0
0.209491	0.342276	0
0.234724	0.281051	0
0.290096	0.234991	0
0.348798	0.192299	0
0.415204	0.177442	0
0.480788	0.166302	0
0.547225	0.173274	0
0.612827	0.184916	0
0.673496	0.220946	0
0.725251	0.258433	0
0.769177	0.308583	0
0.804269	0.364314	0
0.828738	0.430507	0
0.829939	0.498775	0
0.702688	0.916899	0
0.805483	0.91198	0
0.552154	0.0870096	0
0.654353	0.0889294	0
0.751772	0.0843136	0
0.849725	0.0854551	0
0.0864946	0.202716	0
0.0825465	0.499108	0
0.0787869	0.902213	0
0.0851959	0.400643	0
0.0865884	0.300834	0
0.913346	0.251678	0
0.913443	0.349942	0
0.915774	0.449149	0
0.915765	0.548859	0
0.904104	0.650609	0
0.91034	0.751769	0
0.906312	0.851521	0
0.401358	0.91021	0
0.297451	0.906328	0
0.198261	0.912285	0
0.113211	0.922856	0
0.792848	0.74489	0
0.132177	0.276874	0
0.118727	0.473459	0
0.867493	0.131753	0
0.777106	0.122251	0
0.632428	0.134133	0
0.731946	0.13102	0
0.684996	0.133382	0
0.843886	0.680633	0
0.861306	0.618344	0
0.524392	0.128326	0
0.129499	0.835828	0
0.132227	0.573413	0
0.848605	0.871869	0
0.128228	0.32575	0
0.128212	0.376796	0
0.127579	0.181146	0
0.127569	0.519149	0
0.166976	0.871556	0
0.131984	0.132187	0
0.870984	0.277943	0
0.860673	0.372363	0
0.871847	0.472071	0
0.877035	0.571885	0
0.874885	0.778471	0
0.724946	0.872942	0
0.320821	0.857247	0
0.478181	0.880274	0
0.579965	0.867425	0
0.432962	0.130492	0
0.634582	0.868087	0
0.377408	0.860935	0
0.86604	0.821292	0
0.867944	0.229007	0
0.132246	0.627612	0
0.524774	0.871846	0
0.679722	0.879596	0
0.131562	0.228615	0
0.128747	0.427691	0
0.735191	0.786153	0
0.686844	0.830799	0
0.2832	0.809786	0
0.238369	0.763596	0
0.189646	0.712229	0
0.170513	0.657428	0
0.176117	0.303553	0
0.232315	0.215235	0
0.289156	0.181504	0
0.379038	0.137333	0
0.57865	0.133383	0
0.665443	0.173657	0
0.726128	0.194876	0
0.780287	0.254754	0
0.825182	0.309248	0
0.781841	0.863524	0
0.215224	0.864634	0
0.869643	0.182696	0
0.822076	0.121733	0
0.432391	0.869102	0
0.857455	0.736587	0
0.226498	0.125714	0
0.121437	0.881886	0
0.13828	0.734714	0
0.872032	0.525067	0
0.135648	0.786532	0
0.875606	0.323161	0
0.876746	0.424086	0
0.324835	0.137965	0
0.266229	0.860035	0
0.164871	0.350209	0
0.133568	0.682101	0
0.478355	0.119617	0
0.180202	0.124922	0
0.274702	0.130574	0
0.829527	0.255439	0
0.782322	0.805131	0
0.228701	0.815115	0
0.830216	0.784177	0
0.763986	0.165097	0
0.163511	0.162022	0
0.18138	0.252164	0
0.177981	0.823194	0
0.174088	0.203762	0
0.246476	0.165481	0
0.18557	0.771389	0
0.20451	0.167409	0
0.741912	0.831547	0
0.835295	0.16145	0
0.821101	0.830207	0
0.808699	0.205357	0
0.800022	0.156167	0
