2433	4	1	1
773	754	436	759	
277	823	385	824	
779	439	645	737	
12	897	910	296	
443	446	744	654	
67	870	322	66	
563	564	164	873	
873	59	251	866	
623	335	774	719	
754	358	436	420	
325	579	578	859	
251	564	318	873	
693	597	271	596	
592	266	718	814	
14	297	912	15	
30	237	225	879	
842	374	674	266	
881	239	307	35	
438	508	805	491	
868	569	568	169	
165	564	873	164	
438	732	341	491	
242	891	40	884	
858	844	324	71	
628	372	299	334	
250	58	865	57	
250	357	563	318	
850	329	82	853	
419	450	752	753	
404	718	690	752	
673	593	374	674	
372	628	456	334	
41	242	40	884	
862	658	556	557	
737	644	345	645	
876	658	862	557	
157	556	862	874	
398	432	477	783	
862	657	874	556	
455	680	354	681	
245	47	887	46	
19	911	299	18	
888	47	887	313	
20	300	909	21	
319	867	252	566	
403	787	717	402	
427	377	772	466	
858	177	178	576	
47	245	887	313	
242	546	884	547	
694	380	455	379	
281	606	607	827	
399	713	398	477	
714	401	618	715	
242	891	884	546	
520	229	898	519	
429	790	739	703	
116	915	1	223	
608	391	704	390	
142	542	543	895	
537	237	879	590	
281	828	282	103	
607	828	827	208	
862	657	556	658	
115	293	840	114	
885	548	890	148	
589	264	852	851	
306	540	539	894	
898	297	912	14	
229	14	898	13	
657	352	340	731	
768	424	687	686	
800	460	748	799	
347	790	429	412	
335	622	623	774	
12	897	228	11	
897	518	228	554	
845	859	325	577	
285	394	612	708	
778	511	777	469	
391	496	704	390	
781	782	393	707	
551	550	349	244	
237	264	852	590	
647	790	347	412	
486	435	359	802	
885	548	148	549	
174	917	573	843	
386	824	385	603	
646	308	241	544	
256	856	323	70	
570	878	869	171	
515	746	481	762	
67	917	322	870	
39	883	241	38	
468	776	503	777	
151	551	552	896	
241	544	893	883	
724	397	712	476	
697	458	767	766	
647	545	646	241	
698	468	469	777	
768	776	453	767	
840	715	619	839	
186	854	585	849	
590	426	656	413	
786	715	480	785	
501	812	786	785	
785	516	501	812	
231	375	524	627	
713	398	477	783	
631	301	632	529	
583	683	362	327	
615	836	835	216	
669	567	871	568	
679	463	678	761	
666	419	665	753	
401	715	714	785	
423	684	362	260	
328	685	423	684	
304	905	906	535	
632	408	301	337	
562	163	162	875	
85	264	263	851	
337	233	301	631	
537	413	538	305	
798	751	403	717	
564	251	866	873	
811	479	516	478	
792	478	505	433	
713	478	714	784	
767	458	697	453	
233	529	301	631	
501	786	480	785	
292	291	400	838	
600	383	697	382	
479	501	480	785	
784	792	478	811	
905	303	236	27	
322	870	869	66	
424	768	495	453	
859	578	179	180	
699	698	469	777	
482	805	809	770	
350	443	653	654	
551	652	653	411	
801	734	491	489	
558	557	876	158	
386	471	701	700	
372	498	456	723	
797	506	744	796	
801	503	511	508	
771	804	746	459	
506	509	744	796	
612	613	286	833	
627	628	334	788	
749	800	786	447	
812	460	800	799	
784	727	726	434	
264	85	852	851	
709	475	395	788	
616	713	712	398	
485	765	381	454	
628	372	456	723	
551	886	151	150	
512	781	796	808	
482	805	770	445	
270	817	271	92	
652	551	349	411	
563	418	562	664	
223	916	621	690	
563	418	664	357	
562	663	664	418	
512	781	808	473	
231	375	627	334	
734	732	805	491	
517	505	728	793	
430	410	730	484	
506	512	796	797	
509	512	796	506	
831	284	610	830	
492	448	750	417	
22	908	301	233	
25	904	26	235	
476	432	712	725	
298	523	230	913	
611	612	832	213	
600	822	821	202	
839	220	219	618	
905	303	534	236	
726	432	783	434	
647	790	648	347	
710	396	723	456	
427	504	806	810	
875	864	162	561	
64	878	321	253	
863	316	559	877	
234	633	530	531	
575	858	324	576	
801	511	491	508	
341	732	734	491	
823	204	203	602	
801	735	734	489	
778	497	735	489	
212	611	832	213	
146	547	884	546	
891	146	884	546	
603	386	824	604	
297	899	521	912	
801	508	491	805	
890	242	41	884	
25	302	24	907	
500	624	342	625	
611	393	285	708	
173	917	870	572	
309	647	347	412	
905	303	914	534	
646	308	544	645	
317	56	875	864	
500	624	625	720	
537	237	413	305	
778	470	489	511	
489	778	801	735	
801	778	489	511	
236	636	534	637	
188	850	587	189	
699	385	469	384	
463	457	761	679	
724	437	789	711	
174	917	843	224	
888	553	554	313	
166	872	565	566	
673	435	810	759	
536	246	226	906	
554	227	228	897	
886	551	151	896	
173	917	572	174	
617	218	219	838	
907	904	532	131	
456	475	334	788	
132	904	131	532	
453	776	768	495	
226	246	536	861	
914	133	533	132	
779	646	645	343	
122	523	123	913	
133	914	533	534	
300	902	21	233	
650	441	741	651	
531	907	532	131	
132	533	904	532	
811	479	714	785	
727	633	726	338	
904	302	532	235	
537	137	136	879	
881	239	541	307	
483	460	516	813	
483	460	813	799	
890	547	242	884	
309	647	412	241	
347	790	648	739	
144	545	883	544	
380	272	695	381	
314	638	555	657	
314	861	555	246	
457	463	368	679	
304	638	637	535	
317	663	418	356	
862	657	658	247	
771	459	422	758	
536	304	906	535	
898	297	14	229	
900	911	18	231	
771	672	361	655	
864	356	662	561	
672	771	422	758	
253	878	321	671	
254	66	869	65	
672	570	671	321	
878	570	671	569	
860	588	851	263	
536	304	535	638	
251	565	564	866	
638	314	555	246	
747	430	731	795	
154	117	227	554	
668	566	667	252	
319	420	667	252	
567	867	167	566	
314	247	874	51	
284	393	611	707	
691	595	692	378	
487	500	510	720	
845	858	576	257	
126	526	901	125	
267	842	88	266	
592	266	814	842	
706	391	780	705	
88	842	814	266	
910	229	898	13	
742	441	428	651	
807	509	781	796	
553	350	654	364	
603	823	824	385	
660	863	316	559	
652	742	464	428	
110	289	835	288	
858	324	576	257	
577	845	576	257	
50	314	874	51	
472	507	392	780	
254	672	361	422	
472	391	780	392	
443	350	653	411	
77	259	847	327	
258	580	680	579	
701	471	736	700	
669	320	871	567	
335	487	499	719	
438	488	640	760	
325	579	859	258	
914	132	533	904	
182	580	857	181	
655	254	322	571	
405	677	366	577	
531	130	907	131	
632	529	301	530	
445	760	689	488	
639	228	296	518	
507	473	392	781	
592	266	674	718	
742	507	472	780	
339	636	533	303	
247	658	315	351	
850	83	330	860	
780	391	706	392	
706	781	780	392	
606	281	280	827	
38	308	37	893	
621	223	222	916	
300	630	528	407	
688	262	330	587	
688	330	588	587	
638	536	246	555	
536	861	246	555	
96	274	821	95	
96	822	821	274	
738	647	646	412	
650	442	348	414	
405	366	257	577	
872	867	319	566	
310	548	348	414	
316	660	559	661	
872	251	60	866	
908	530	903	301	
284	105	283	830	
284	610	611	831	
283	284	706	392	
286	613	287	833	
706	391	705	609	
237	537	413	590	
606	279	605	826	
236	636	637	410	
845	325	73	257	
352	658	247	351	
265	916	404	591	
226	135	8	536	
608	391	390	282	
402	294	620	717	
586	849	261	853	
867	320	871	62	
867	320	62	252	
245	350	312	552	
407	233	337	631	
551	889	886	150	
845	325	257	577	
886	45	312	896	
272	94	93	819	
325	405	257	577	
673	815	593	594	
250	563	865	318	
253	671	321	360	
632	234	633	530	
350	364	446	654	
903	531	130	907	
632	234	530	301	
881	540	894	140	
606	207	208	827	
734	735	642	489	
333	489	642	643	
504	427	806	502	
515	504	806	502	
86	264	85	852	
673	815	594	377	
542	333	643	373	
842	376	268	593	
441	415	428	651	
680	457	679	733	
815	269	90	816	
627	375	626	722	
680	457	733	455	
405	452	366	677	
890	547	884	147	
311	889	244	550	
553	350	364	245	
349	652	411	464	
842	815	593	268	
605	278	825	279	
877	160	161	560	
605	826	279	825	
666	358	753	754	
814	88	266	87	
421	253	360	670	
605	278	279	387	
804	504	803	806	
278	100	825	279	
563	418	357	250	
6	192	136	225	
320	668	359	252	
354	259	681	326	
263	85	851	84	
273	94	272	820	
577	845	178	576	
100	826	825	279	
600	274	273	821	
890	242	548	310	
146	547	147	884	
677	366	577	576	
606	605	388	702	
845	858	178	576	
256	575	574	844	
256	575	324	406	
256	331	575	406	
567	867	871	168	
254	322	571	869	
603	823	602	204	
892	537	879	137	
602	603	385	823	
345	543	645	644	
628	456	334	788	
105	284	106	831	
818	598	272	819	
586	261	686	329	
834	614	215	613	
424	768	767	686	
405	677	577	678	
586	261	585	686	
611	393	284	285	
613	614	287	834	
330	850	860	587	
355	417	749	661	
688	262	587	687	
903	531	907	234	
701	736	461	737	
261	424	686	329	
23	908	301	22	
396	397	711	437	
598	694	597	818	
801	503	777	511	
809	801	503	777	
297	342	335	624	
143	882	543	893	
521	899	297	522	
536	304	638	246	
292	113	838	839	
804	757	803	451	
460	416	447	800	
239	333	346	642	
228	227	554	888	
236	636	410	303	
533	635	235	532	
471	778	497	736	
424	369	767	453	
35	881	895	307	
778	497	489	470	
617	837	616	218	
633	408	726	338	
616	289	712	836	
603	386	700	385	
543	895	240	882	
551	886	244	312	
740	390	442	465	
479	714	478	811	
608	704	607	390	
668	756	359	755	
756	486	359	802	
308	240	882	543	
886	551	896	312	
385	603	602	699	
320	668	867	567	
872	251	866	565	
605	825	604	206	
286	613	612	709	
647	646	412	241	
668	420	359	252	
281	606	389	703	
876	557	862	158	
504	451	803	486	
709	394	708	612	
478	714	479	400	
724	397	437	711	
443	743	464	653	
349	551	244	411	
331	256	574	323	
256	856	574	323	
297	624	623	521	
633	408	632	726	
573	574	361	655	
228	888	313	48	
261	328	849	585	
701	471	387	461	
74	75	258	846	
352	430	340	731	
430	795	794	730	
135	226	906	536	
517	794	813	793	
897	11	227	228	
727	792	728	433	
259	76	857	326	
894	306	880	539	
597	694	693	271	
248	416	659	660	
680	258	365	326	
430	731	730	637	
441	650	442	348	
364	363	745	639	
394	709	708	722	
361	574	573	323	
622	639	296	519	
313	639	364	553	
824	604	278	825	
651	349	652	550	
115	294	840	293	
251	419	666	358	
345	543	644	240	
231	627	525	334	
525	628	299	334	
908	22	902	233	
752	450	419	490	
797	512	796	808	
449	490	404	752	
394	709	722	475	
627	628	525	334	
504	804	803	451	
336	232	527	629	
135	134	535	906	
383	382	458	697	
382	766	697	696	
732	641	341	734	
454	462	695	381	
710	396	711	789	
900	525	124	911	
724	630	789	437	
33	306	238	880	
287	614	613	710	
287	614	710	396	
287	614	396	288	
867	872	167	566	
353	436	674	773	
845	72	858	257	
764	682	681	354	
892	31	305	32	
662	750	356	417	
712	836	711	615	
529	908	528	233	
820	272	598	819	
662	663	356	750	
716	787	786	480	
798	663	750	356	
559	160	159	863	
578	679	368	678	
889	243	43	885	
261	849	586	585	
493	663	418	751	
757	360	758	670	
449	493	418	751	
311	889	43	44	
647	309	546	545	
790	738	429	412	
327	583	582	855	
647	738	790	412	
798	493	663	356	
438	640	341	732	
775	467	761	763	
674	374	673	759	
448	798	750	356	
757	451	758	360	
276	822	823	97	
31	237	30	879	
467	693	692	761	
305	344	538	238	
467	693	761	457	
493	798	448	356	
421	757	360	451	
253	568	871	868	
407	528	233	631	
682	462	764	791	
757	421	360	670	
683	765	454	791	
455	693	379	457	
893	544	241	308	
413	640	488	656	
863	316	877	54	
911	124	125	525	
767	369	766	458	
281	390	282	607	
379	817	596	271	
259	682	354	681	
248	53	54	863	
910	229	13	296	
863	316	54	248	
682	462	791	367	
16	899	230	15	
520	297	623	521	
528	300	902	527	
651	349	550	415	
454	462	367	791	
553	350	245	552	
740	441	442	496	
774	512	797	719	
862	315	876	52	
254	878	321	65	
878	254	869	65	
662	417	356	249	
784	434	478	433	
351	352	747	483	
67	917	870	224	
611	707	393	708	
820	94	272	819	
729	339	431	484	
757	804	758	451	
509	743	807	464	
78	77	855	327	
579	859	258	846	
509	743	744	796	
819	199	818	598	
199	597	818	598	
776	768	495	809	
457	463	761	467	
358	419	753	450	
749	661	660	355	
474	394	393	708	
858	72	324	257	
262	850	330	587	
500	624	720	487	
520	297	521	912	
269	594	595	816	
817	271	92	818	
817	597	818	198	
460	812	516	813	
379	817	271	270	
864	356	561	317	
563	163	865	164	
385	824	386	277	
867	668	320	252	
817	597	198	596	
817	597	596	271	
911	526	901	299	
409	635	532	235	
510	512	719	808	
910	119	898	519	
707	284	706	610	
598	271	818	272	
526	232	901	299	
553	152	887	153	
378	596	379	817	
900	525	911	231	
498	723	629	789	
518	910	296	519	
630	407	631	528	
210	830	609	829	
223	265	915	87	
306	894	880	33	
378	596	817	595	
487	512	499	719	
628	372	629	526	
595	269	816	817	
265	1	915	87	
760	438	732	640	
540	306	539	641	
595	377	378	691	
223	2	222	916	
735	643	497	736	
652	743	464	742	
595	269	817	378	
864	317	561	875	
45	886	312	244	
888	47	313	48	
386	278	277	824	
864	356	317	249	
294	115	840	841	
226	49	29	246	
620	293	840	294	
570	254	571	869	
917	68	67	255	
856	573	175	574	
376	772	673	810	
675	440	361	771	
798	493	448	403	
680	354	326	365	
841	294	620	840	
237	86	225	852	
322	870	571	869	
86	237	264	852	
277	823	824	98	
278	604	824	386	
160	559	877	863	
683	454	362	367	
862	315	52	247	
558	159	876	863	
575	177	858	576	
689	263	426	589	
640	488	438	344	
276	97	823	98	
696	600	697	382	
376	772	810	427	
269	817	378	270	
773	754	450	436	
378	596	595	692	
281	703	389	390	
287	834	288	109	
826	605	206	825	
837	111	290	836	
113	292	838	291	
314	657	555	874	
657	556	555	874	
874	657	247	314	
287	108	834	109	
782	474	393	708	
616	289	836	290	
42	243	885	43	
711	289	835	836	
889	243	885	550	
384	385	602	699	
336	498	629	789	
707	782	393	708	
888	553	887	153	
900	525	231	524	
630	300	528	527	
245	553	887	313	
30	86	5	225	
900	298	524	231	
911	526	125	901	
544	308	543	645	
780	496	741	705	
154	888	554	227	
609	282	608	829	
638	657	340	731	
229	910	898	519	
254	672	655	361	
58	250	865	318	
720	808	510	719	
617	399	400	714	
243	548	549	348	
243	415	348	549	
740	441	496	741	
188	853	187	586	
76	75	857	326	
682	683	367	791	
914	235	904	533	
584	854	260	328	
435	374	436	759	
133	534	134	905	
877	864	249	560	
812	460	447	800	
399	400	838	617	
67	917	255	322	
669	421	670	253	
448	787	480	492	
822	600	601	202	
671	670	868	569	
404	718	591	690	
669	757	670	421	
817	379	378	270	
908	529	528	128	
580	680	681	326	
583	184	582	855	
617	618	400	838	
298	900	913	17	
838	400	399	291	
897	518	910	296	
838	618	292	839	
684	583	362	260	
117	897	227	554	
847	581	183	582	
443	464	411	653	
463	761	763	678	
379	467	692	378	
467	693	457	379	
531	302	532	907	
292	618	838	400	
223	265	87	814	
176	575	844	574	
339	635	431	409	
350	552	411	312	
542	240	895	307	
154	10	227	117	
682	462	367	354	
830	610	211	609	
441	742	472	741	
743	652	464	653	
237	413	264	590	
705	391	704	608	
325	859	578	577	
273	94	820	95	
705	496	704	391	
553	888	887	313	
552	551	653	411	
328	584	685	684	
548	650	348	414	
719	512	510	487	
265	814	266	87	
61	872	319	60	
675	361	655	771	
792	793	505	811	
344	341	640	238	
265	718	266	814	
724	476	725	631	
905	303	27	914	
817	595	596	197	
881	34	894	239	
539	341	238	640	
562	163	875	865	
539	341	640	641	
25	302	904	235	
487	720	510	719	
55	316	877	249	
386	701	387	604	
864	55	877	249	
701	386	700	604	
584	328	685	585	
880	892	538	238	
706	391	283	392	
556	157	862	557	
468	776	453	495	
416	351	315	659	
56	864	249	55	
728	792	505	433	
748	658	351	659	
548	148	147	890	
56	317	249	864	
621	294	620	841	
52	53	315	876	
669	320	567	668	
210	830	211	609	
506	774	797	745	
609	282	829	830	
374	593	673	376	
848	327	855	583	
583	584	260	684	
672	254	655	571	
405	578	368	678	
297	899	912	15	
261	685	585	686	
584	328	260	684	
482	805	445	508	
282	830	391	283	
297	624	335	623	
298	900	17	231	
911	526	299	525	
597	199	818	198	
234	633	531	302	
612	833	832	213	
598	271	272	380	
378	596	692	379	
780	496	705	391	
598	271	380	694	
818	272	271	93	
512	781	473	509	
625	721	500	720	
608	210	829	209	
390	608	282	607	
608	828	282	607	
834	613	214	833	
509	743	796	807	
484	729	730	794	
67	3	68	224	
635	729	431	728	
358	319	420	667	
856	256	844	70	
562	317	561	663	
358	754	436	450	
282	828	829	103	
915	223	621	690	
806	775	502	772	
507	742	428	464	
104	282	829	103	
876	658	557	659	
683	327	582	367	
259	847	327	582	
683	583	582	327	
221	841	222	620	
581	259	682	582	
916	404	591	690	
841	621	222	620	
620	293	294	402	
360	671	321	422	
193	223	916	2	
332	342	522	625	
837	218	217	616	
660	863	559	558	
465	429	703	389	
270	91	817	92	
522	342	332	230	
377	376	673	268	
583	848	184	855	
522	523	230	332	
795	483	813	799	
620	294	621	717	
259	582	367	682	
523	298	230	332	
333	542	541	307	
840	715	839	293	
845	859	577	179	
715	716	401	293	
603	386	604	700	
840	715	293	716	
685	369	686	261	
570	254	869	878	
606	826	605	207	
462	380	695	381	
870	869	172	571	
570	878	671	321	
357	564	419	665	
273	272	599	820	
599	272	273	381	
135	536	906	535	
905	236	535	304	
640	539	538	238	
403	787	402	448	
671	672	321	422	
360	671	422	758	
672	254	321	422	
892	305	238	32	
61	867	252	319	
595	196	816	594	
883	309	891	39	
452	677	762	481	
742	507	428	472	
867	668	252	566	
882	142	543	895	
545	309	546	891	
713	290	398	616	
820	599	200	598	
671	672	422	758	
291	837	838	112	
336	630	629	527	
409	431	433	728	
792	784	478	433	
475	394	494	722	
401	479	480	785	
902	22	21	233	
330	371	588	263	
689	263	589	588	
727	784	792	433	
606	826	207	827	
506	774	745	446	
409	727	634	728	
908	529	301	233	
335	622	774	363	
409	727	728	433	
409	727	433	338	
747	430	795	483	
360	671	758	670	
439	702	779	444	
837	617	838	218	
322	573	361	655	
361	672	771	422	
254	322	869	66	
273	274	600	382	
870	322	571	572	
275	96	274	822	
845	179	577	178	
784	727	434	433	
632	408	337	725	
185	848	184	583	
432	476	337	725	
223	915	404	690	
421	756	486	359	
611	831	832	285	
515	746	762	806	
489	735	642	643	
408	432	337	725	
528	529	233	631	
265	718	814	591	
718	265	404	591	
831	285	106	832	
476	407	337	631	
476	724	407	631	
776	809	503	777	
296	228	639	364	
639	518	296	519	
388	702	444	389	
724	630	407	631	
340	236	304	637	
710	396	789	723	
345	543	240	308	
441	650	348	651	
343	412	738	646	
461	736	701	471	
289	288	711	835	
916	265	814	591	
870	572	172	173	
342	625	332	500	
439	702	444	388	
193	916	814	591	
564	165	873	866	
738	412	343	444	
512	473	808	510	
842	376	593	374	
842	374	266	267	
357	564	665	563	
903	531	234	530	
357	564	563	318	
390	704	703	739	
881	540	140	541	
163	562	563	865	
562	250	563	865	
415	651	348	549	
378	775	466	467	
878	64	868	253	
811	478	516	505	
651	650	348	549	
245	896	887	552	
193	916	591	2	
416	248	355	660	
344	640	538	238	
539	341	641	306	
688	262	687	370	
399	478	400	714	
459	360	422	758	
495	768	370	769	
401	479	714	400	
586	853	261	329	
482	769	370	425	
687	688	370	769	
688	262	425	330	
77	259	76	847	
482	495	370	769	
811	792	478	505	
842	376	374	267	
316	55	877	54	
452	405	678	677	
638	314	246	340	
452	463	678	405	
409	635	431	728	
579	859	846	180	
379	693	271	596	
481	366	676	406	
728	505	517	431	
751	449	403	690	
457	368	680	679	
497	471	736	461	
779	343	439	444	
236	636	303	534	
636	729	730	484	
226	49	7	29	
646	545	544	241	
542	333	373	307	
713	290	616	837	
655	322	572	571	
691	377	673	594	
846	580	181	857	
416	248	659	315	
836	616	615	712	
571	254	570	672	
171	570	571	869	
837	291	290	112	
572	870	172	571	
369	328	261	685	
471	778	736	700	
237	537	879	305	
853	329	587	850	
82	329	850	262	
152	151	552	896	
259	847	857	76	
859	325	258	74	
779	738	343	444	
643	333	541	642	
702	738	444	389	
361	771	440	422	
293	839	840	114	
764	354	681	455	
282	830	283	104	
659	876	248	558	
248	876	863	558	
298	900	524	913	
523	298	524	913	
826	207	206	605	
294	116	115	841	
455	680	681	733	
682	683	582	367	
367	582	259	327	
355	749	492	447	
388	702	605	387	
683	583	362	684	
608	828	607	209	
608	210	609	829	
423	485	362	684	
606	280	826	827	
485	765	454	362	
375	523	524	626	
394	721	722	708	
721	494	722	626	
336	300	630	527	
397	289	712	398	
867	320	567	871	
113	291	838	112	
715	839	401	618	
556	157	156	874	
765	683	454	362	
416	748	351	659	
485	765	362	684	
765	683	362	684	
289	111	110	836	
439	702	388	387	
890	242	310	41	
548	650	549	348	
272	599	820	598	
462	764	455	354	
460	748	799	483	
682	462	354	764	
848	327	583	260	
343	439	345	645	
738	429	444	389	
465	347	649	739	
740	390	465	739	
269	817	270	91	
856	176	844	574	
258	580	579	846	
327	683	362	367	
869	171	172	571	
848	584	854	260	
848	584	260	583	
282	830	104	829	
361	440	675	331	
696	273	382	381	
585	187	186	849	
585	854	186	584	
602	699	698	384	
539	341	306	238	
273	599	821	820	
384	385	823	602	
868	670	671	253	
698	699	469	384	
485	696	382	381	
61	867	319	872	
251	419	318	564	
613	710	709	395	
847	327	582	855	
287	710	613	395	
50	861	246	49	
468	503	469	777	
641	540	346	642	
780	496	391	472	
737	701	439	461	
446	363	774	745	
286	613	709	395	
377	691	673	772	
575	331	675	406	
406	746	675	676	
406	746	676	481	
666	319	667	565	
754	420	755	667	
403	751	798	493	
229	622	296	519	
679	463	368	678	
632	301	631	337	
784	726	783	434	
300	232	909	527	
625	332	494	626	
696	765	695	381	
231	911	299	525	
605	701	604	387	
409	727	338	634	
485	765	696	381	
335	622	363	229	
696	599	381	695	
883	309	39	241	
341	640	438	344	
903	23	234	24	
779	738	646	343	
864	662	249	560	
34	881	35	239	
663	493	418	356	
696	273	381	599	
828	281	282	607	
724	476	407	437	
149	550	885	549	
328	423	260	684	
369	685	686	767	
239	333	541	307	
467	775	513	763	
243	42	885	890	
841	221	840	620	
349	652	464	428	
651	349	415	428	
628	723	456	788	
742	652	651	428	
152	896	552	887	
86	237	225	30	
896	45	312	46	
651	349	428	652	
221	619	840	620	
429	738	703	389	
237	590	225	879	
713	784	783	477	
316	660	661	355	
732	641	640	341	
402	294	717	403	
811	517	793	505	
726	727	338	434	
618	401	714	400	
618	617	219	838	
294	621	717	403	
875	317	250	57	
56	317	875	57	
687	262	587	329	
223	621	222	841	
701	702	779	439	
573	174	843	175	
890	547	147	548	
703	738	702	389	
322	573	655	572	
426	413	488	656	
373	644	345	461	
294	621	403	295	
465	347	414	649	
649	650	548	414	
773	353	752	718	
773	754	753	450	
254	361	655	322	
185	584	186	854	
754	358	753	450	
842	89	268	267	
573	856	843	323	
573	361	323	255	
196	815	816	594	
621	690	717	403	
864	877	161	560	
665	419	752	753	
295	690	621	403	
740	441	741	650	
801	809	503	508	
606	279	826	280	
388	605	279	387	
644	497	736	461	
452	463	763	678	
819	820	200	598	
497	644	373	461	
452	467	513	763	
713	290	837	399	
616	289	290	398	
281	606	703	607	
277	99	98	824	
837	616	836	290	
483	795	747	799	
555	556	156	874	
275	97	96	822	
737	644	736	461	
452	463	467	763	
277	823	98	276	
19	232	299	901	
232	20	901	19	
742	743	464	807	
295	116	841	915	
740	650	414	442	
650	740	414	649	
465	390	389	703	
225	590	237	852	
209	828	607	208	
392	707	284	706	
192	225	852	590	
747	430	483	352	
748	460	800	416	
813	794	517	514	
42	41	890	310	
726	408	434	338	
550	243	885	549	
302	531	532	634	
336	372	629	498	
243	548	348	310	
688	330	371	588	
688	770	425	769	
265	295	404	915	
295	915	841	621	
889	149	550	885	
352	658	657	247	
430	484	730	794	
353	773	450	436	
770	482	425	769	
371	688	588	689	
625	500	494	332	
625	721	494	500	
861	155	156	555	
770	371	689	688	
75	258	846	326	
324	366	576	257	
320	63	871	62	
523	625	626	332	
482	770	425	445	
602	698	601	384	
674	773	436	759	
674	436	353	374	
325	859	73	74	
507	509	807	464	
498	372	629	723	
845	859	73	325	
915	295	404	690	
792	793	728	505	
424	768	687	370	
286	107	832	833	
811	517	505	516	
913	523	123	524	
839	619	840	220	
492	749	786	447	
378	775	467	692	
749	417	355	492	
750	448	356	417	
812	811	516	813	
840	715	716	619	
393	394	285	708	
467	775	466	513	
518	897	118	117	
377	691	466	378	
526	126	909	527	
520	120	912	521	
446	745	744	654	
839	293	715	401	
118	119	910	519	
355	800	660	749	
826	280	101	827	
242	548	649	547	
775	691	466	772	
812	800	447	786	
138	892	137	538	
529	908	129	128	
892	537	137	538	
501	812	447	786	
673	435	759	374	
447	460	812	501	
262	687	370	329	
826	100	101	279	
740	465	414	649	
454	765	381	695	
333	346	642	489	
542	333	541	643	
579	859	180	578	
823	385	384	276	
540	894	139	539	
272	599	598	695	
743	443	744	653	
889	149	150	550	
415	550	651	549	
441	742	428	472	
707	781	706	392	
473	781	393	392	
404	295	403	690	
638	314	340	657	
243	550	415	549	
864	561	161	162	
559	160	877	560	
680	368	365	258	
785	516	812	811	
561	864	161	560	
560	559	316	877	
837	616	217	836	
570	878	171	170	
856	573	843	175	
675	361	331	574	
369	767	453	458	
661	316	662	560	
632	234	301	408	
673	815	377	268	
435	420	755	436	
300	528	902	233	
300	407	528	233	
853	261	329	81	
468	698	469	384	
316	559	560	661	
342	297	522	624	
423	369	458	766	
467	775	761	692	
485	423	458	766	
295	915	621	690	
729	484	517	794	
551	244	411	312	
446	364	745	654	
204	603	824	205	
155	861	536	555	
465	740	414	442	
767	776	453	697	
248	660	659	558	
659	876	558	557	
245	896	312	46	
649	347	648	739	
69	68	843	255	
476	397	712	398	
917	68	255	843	
872	166	167	566	
685	369	766	767	
75	846	857	326	
72	845	73	257	
258	580	846	326	
482	805	508	809	
120	121	912	521	
182	581	183	847	
768	424	495	370	
639	622	296	363	
518	897	228	296	
382	766	696	485	
699	385	778	469	
262	83	850	82	
435	427	810	486	
748	483	747	799	
306	540	894	239	
540	239	346	642	
778	470	511	469	
563	418	250	562	
614	396	288	711	
594	815	593	195	
680	354	681	326	
674	353	266	374	
751	357	752	664	
737	701	779	439	
353	674	266	718	
288	834	835	109	
286	394	395	709	
396	498	723	456	
127	528	128	902	
709	394	395	475	
435	486	810	802	
80	328	849	261	
424	687	686	329	
801	489	491	511	
815	842	593	195	
385	470	778	469	
778	801	777	511	
699	778	777	469	
649	242	547	648	
691	377	466	772	
876	658	659	315	
603	604	824	205	
694	380	379	271	
511	503	777	469	
492	786	480	447	
786	501	480	447	
217	836	615	216	
715	716	786	480	
569	878	170	868	
610	831	830	211	
611	610	284	707	
372	232	526	299	
915	223	841	621	
402	787	480	448	
716	715	401	480	
378	775	692	691	
628	526	525	299	
116	295	841	294	
628	372	526	299	
562	875	250	865	
694	597	818	271	
880	892	238	32	
604	825	824	205	
539	880	538	238	
539	306	880	238	
413	344	538	305	
732	438	805	491	
33	880	238	32	
378	775	691	466	
500	624	487	342	
787	492	786	480	
281	102	828	103	
890	547	548	242	
317	663	356	561	
50	314	861	874	
28	905	304	236	
50	314	246	861	
460	812	813	799	
303	914	26	27	
749	787	750	492	
439	737	461	345	
231	627	524	525	
432	408	434	726	
34	306	33	894	
837	399	290	291	
900	124	524	123	
585	328	849	854	
1	223	915	87	
332	523	375	626	
375	523	332	298	
550	311	349	244	
295	265	1	915	
900	913	123	524	
619	221	840	220	
673	815	268	593	
243	311	415	550	
620	293	402	716	
721	625	494	626	
376	673	268	593	
769	688	370	425	
694	380	695	764	
298	913	230	16	
600	383	601	697	
625	523	522	332	
609	282	830	391	
913	899	230	16	
771	746	440	459	
611	831	610	212	
440	771	459	422	
656	426	689	488	
640	413	538	656	
330	588	860	263	
589	426	689	656	
753	773	450	752	
661	749	750	417	
905	28	27	236	
853	188	850	587	
903	531	530	130	
913	523	230	899	
292	113	839	114	
226	861	49	246	
273	274	95	821	
600	383	382	274	
297	342	522	230	
133	914	534	905	
536	304	246	906	
557	157	862	158	
269	817	91	816	
116	295	1	915	
393	782	781	473	
474	782	393	473	
713	478	399	714	
762	806	775	502	
284	707	392	393	
265	353	718	404	
515	762	481	502	
701	702	439	387	
465	429	739	703	
38	883	241	893	
193	223	814	916	
265	915	404	223	
883	309	241	545	
647	309	545	241	
883	309	545	891	
588	330	860	587	
371	330	688	425	
496	441	472	741	
443	743	509	464	
762	515	806	502	
264	589	852	590	
752	353	773	450	
371	445	689	488	
760	438	488	445	
426	371	689	488	
336	630	407	437	
77	847	855	327	
336	630	437	789	
455	693	457	733	
630	724	407	437	
308	38	241	893	
614	615	711	835	
847	580	857	182	
309	347	648	242	
647	309	347	648	
644	737	345	461	
837	617	616	713	
355	661	316	417	
751	357	664	418	
662	661	750	417	
749	492	750	417	
589	852	191	851	
64	878	65	321	
146	891	145	546	
259	581	682	681	
386	778	471	700	
891	545	145	546	
746	515	440	459	
804	515	746	459	
804	504	459	451	
504	804	459	515	
734	346	491	489	
482	809	508	503	
107	286	832	285	
839	292	293	401	
592	266	842	674	
673	435	374	376	
391	705	609	608	
488	640	413	344	
611	285	612	708	
762	775	513	502	
677	366	676	481	
259	580	326	857	
676	575	675	406	
355	800	749	447	
748	416	800	659	
457	693	761	733	
687	586	686	329	
423	485	684	766	
416	660	800	659	
745	363	364	446	
776	809	495	503	
276	822	97	275	
641	341	734	346	
839	619	220	618	
481	762	513	502	
452	762	763	513	
734	801	491	805	
636	339	729	484	
302	234	24	907	
300	336	630	407	
346	734	642	489	
762	452	481	513	
673	435	376	810	
751	449	690	752	
298	375	524	231	
375	298	524	523	
236	637	535	304	
435	759	755	802	
636	410	730	637	
502	775	513	466	
420	668	359	755	
701	387	439	461	
619	839	715	618	
408	633	234	338	
564	565	251	666	
793	729	517	794	
375	627	334	475	
646	308	645	343	
474	782	720	721	
606	279	280	388	
606	279	388	605	
896	245	312	552	
643	644	373	497	
386	778	700	385	
17	900	18	231	
911	526	525	125	
236	534	535	637	
899	297	230	15	
304	638	246	340	
29	304	906	246	
155	226	8	536	
534	905	535	134	
531	234	302	907	
731	638	637	340	
570	254	878	321	
111	289	290	836	
243	548	310	890	
861	314	555	874	
713	290	399	398	
304	638	340	637	
242	546	547	648	
883	545	241	544	
347	242	649	648	
159	558	876	158	
479	401	714	785	
680	457	455	365	
662	316	249	560	
155	226	536	861	
402	716	401	480	
802	435	359	755	
671	878	569	868	
165	166	866	565	
455	693	733	694	
253	320	63	871	
679	457	761	733	
847	580	182	581	
871	868	568	169	
713	478	784	477	
694	764	733	455	
589	190	588	851	
811	517	516	813	
847	580	581	259	
677	452	366	481	
338	727	433	434	
846	580	857	326	
405	325	368	578	
173	174	4	224	
828	608	829	209	
339	729	431	635	
718	592	814	591	
592	193	814	591	
768	424	767	453	
685	423	684	766	
242	546	648	309	
706	830	391	609	
449	404	403	690	
259	581	681	580	
793	729	728	517	
276	822	275	384	
507	781	780	807	
507	509	473	781	
415	441	348	651	
595	269	378	377	
640	760	488	656	
666	358	754	667	
383	822	600	601	
917	68	843	224	
822	823	203	601	
144	545	145	883	
285	107	106	832	
834	215	214	613	
859	578	577	179	
613	833	612	214	
862	658	315	247	
309	647	546	648	
406	746	481	440	
331	575	675	574	
659	876	315	248	
421	669	756	359	
622	363	745	774	
383	822	275	274	
674	353	773	718	
504	803	810	486	
756	802	359	755	
331	440	675	406	
427	504	810	486	
566	319	667	252	
253	669	871	568	
455	693	694	379	
914	303	533	534	
302	25	904	907	
303	636	533	534	
376	772	427	377	
589	264	263	426	
687	424	370	329	
189	588	860	587	
633	234	338	302	
253	670	568	868	
770	371	688	425	
264	589	263	851	
633	302	634	531	
715	401	480	785	
636	339	533	635	
713	478	477	399	
738	429	412	444	
460	812	501	516	
831	284	106	285	
617	713	399	714	
646	308	343	241	
885	548	549	243	
232	526	527	629	
396	498	789	723	
253	669	568	670	
740	390	739	704	
108	286	833	107	
278	386	387	604	
622	229	520	519	
297	624	521	522	
342	487	335	624	
689	263	588	371	
760	438	445	805	
306	641	346	341	
410	236	340	637	
517	484	514	794	
894	540	139	140	
795	430	731	730	
759	435	755	436	
449	404	690	752	
746	771	440	675	
757	669	756	421	
496	390	740	704	
875	250	865	57	
740	390	496	442	
374	674	436	759	
420	668	667	252	
754	358	420	667	
787	749	786	492	
867	567	668	566	
427	806	502	772	
408	726	725	632	
276	822	384	823	
685	369	423	766	
382	766	485	458	
408	432	725	726	
487	624	719	335	
468	776	495	503	
445	438	508	805	
552	551	411	312	
774	512	719	499	
751	357	418	449	
258	580	326	680	
666	419	564	665	
915	116	841	223	
699	385	700	778	
317	562	561	875	
770	760	445	805	
386	778	385	470	
394	721	708	474	
333	239	541	642	
809	482	495	503	
846	580	579	181	
201	600	821	202	
562	317	250	875	
434	784	478	477	
772	775	502	466	
289	110	835	836	
419	358	753	666	
616	836	615	217	
782	474	708	721	
834	614	288	835	
908	530	301	529	
176	856	175	574	
823	602	203	601	
332	375	494	626	
394	721	474	494	
435	420	359	755	
710	287	396	395	
269	91	90	816	
710	396	456	395	
493	798	663	751	
721	474	494	500	
421	757	486	756	
699	603	700	385	
757	421	486	451	
287	614	288	834	
540	306	346	239	
196	815	594	195	
757	803	486	756	
850	189	860	587	
318	563	865	873	
757	451	486	803	
382	766	458	697	
229	297	335	623	
309	39	40	891	
486	803	810	802	
280	281	606	389	
661	316	417	662	
756	803	486	802	
335	363	774	499	
79	328	260	854	
443	446	506	744	
471	778	470	497	
449	490	752	357	
542	141	895	142	
386	778	470	471	
317	562	250	418	
561	663	356	662	
240	542	373	307	
357	564	318	419	
689	263	371	426	
886	889	244	44	
917	68	224	67	
352	657	747	731	
333	643	373	497	
485	765	684	766	
889	243	550	311	
352	658	747	657	
680	368	579	679	
760	438	805	732	
575	256	324	844	
643	644	497	736	
778	497	736	735	
734	341	491	346	
680	368	258	579	
776	468	698	777	
598	271	694	818	
201	820	599	200	
809	801	805	508	
325	579	258	368	
498	336	437	789	
232	372	629	336	
89	815	268	90	
451	360	459	758	
605	278	387	604	
551	652	349	550	
804	451	459	758	
910	229	296	519	
711	289	836	712	
680	368	457	365	
679	578	368	579	
355	800	447	416	
130	903	129	530	
908	530	529	129	
760	656	689	488	
528	908	128	902	
487	624	720	719	
277	823	276	385	
553	245	887	552	
482	809	495	769	
725	476	337	631	
785	516	811	479	
858	575	324	844	
809	768	495	769	
820	273	95	821	
413	537	538	656	
498	396	789	437	
881	141	541	140	
632	234	408	633	
541	895	141	881	
468	383	698	384	
600	822	274	821	
475	456	395	788	
781	507	780	392	
108	287	833	286	
600	822	383	274	
287	108	833	834	
720	782	510	808	
834	287	613	833	
474	782	510	720	
575	177	844	858	
322	573	917	255	
864	356	249	662	
177	575	844	176	
539	894	139	880	
473	782	808	510	
591	916	621	2	
482	809	769	770	
765	485	696	766	
474	782	473	510	
259	581	847	582	
899	121	521	912	
121	899	521	522	
506	446	745	744	
507	742	807	780	
231	525	299	334	
443	509	744	506	
911	19	299	901	
745	506	744	797	
698	383	601	384	
565	319	566	872	
900	525	524	124	
627	375	524	626	
825	206	205	604	
842	592	593	194	
251	872	319	565	
239	540	541	642	
627	475	722	788	
619	716	840	620	
410	430	637	340	
303	339	235	533	
666	319	358	667	
484	430	514	794	
795	514	794	813	
751	357	449	752	
781	509	807	507	
872	166	565	866	
660	863	558	248	
248	876	315	53	
383	822	601	384	
660	863	248	316	
514	795	483	813	
383	822	384	275	
506	774	446	499	
462	454	695	791	
856	69	323	70	
69	255	843	323	
553	152	552	887	
28	29	304	906	
203	822	601	202	
822	823	601	384	
711	289	712	397	
376	772	377	673	
523	122	899	913	
551	889	150	550	
625	342	522	624	
898	297	229	520	
899	297	522	230	
122	523	899	522	
42	243	310	890	
740	441	650	442	
675	361	574	655	
871	669	253	320	
771	804	459	758	
669	320	668	359	
806	427	810	772	
83	262	850	330	
406	746	440	675	
897	12	228	296	
905	534	535	236	
460	748	351	416	
12	910	13	296	
872	251	319	60	
622	229	296	363	
424	369	686	767	
294	621	295	841	
806	504	803	810	
592	842	814	194	
852	589	191	590	
823	602	601	384	
881	540	541	239	
716	402	787	480	
355	800	416	660	
435	759	802	810	
751	690	403	717	
606	607	827	208	
256	331	574	575	
856	256	574	844	
517	514	516	813	
811	517	813	793	
465	390	703	739	
366	677	676	576	
316	662	249	417	
353	490	450	752	
198	817	596	197	
878	570	569	170	
313	639	553	554	
366	577	576	257	
83	330	860	84	
718	353	752	404	
100	278	825	99	
635	409	532	634	
646	412	241	343	
541	895	881	307	
394	286	612	709	
702	606	703	389	
606	388	280	389	
860	330	263	84	
606	702	388	389	
898	297	520	912	
848	79	260	854	
475	627	334	788	
740	465	649	739	
738	790	429	703	
302	409	532	235	
896	245	887	46	
618	617	400	714	
339	635	235	533	
286	394	612	285	
550	311	415	349	
839	618	219	838	
693	379	692	596	
278	99	277	824	
632	725	337	631	
99	278	825	824	
409	302	532	634	
335	622	229	623	
232	336	527	300	
231	911	18	299	
380	462	695	764	
764	681	733	455	
903	23	301	234	
36	240	895	882	
672	254	570	321	
573	856	323	574	
308	544	543	893	
573	917	255	843	
215	614	835	216	
518	897	910	118	
413	537	656	590	
364	639	296	363	
737	439	645	345	
603	823	204	824	
770	760	689	445	
881	540	239	894	
539	138	538	880	
344	413	538	640	
542	240	373	644	
138	892	538	880	
352	314	247	657	
889	551	886	244	
704	390	703	607	
774	512	499	506	
797	512	808	719	
614	615	835	216	
195	842	593	194	
592	842	593	674	
888	553	153	554	
148	149	885	549	
669	668	756	359	
815	89	268	842	
844	256	324	71	
685	328	261	585	
848	584	583	185	
586	853	187	849	
586	187	585	849	
842	376	267	268	
847	580	259	857	
507	742	464	807	
780	496	472	741	
583	327	362	260	
663	751	664	418	
259	580	681	326	
706	284	830	610	
609	282	391	608	
634	302	633	338	
698	383	697	601	
729	484	431	517	
110	288	835	109	
848	78	260	79	
300	902	527	909	
372	628	629	723	
441	742	741	651	
658	352	747	351	
272	599	695	381	
240	895	543	542	
885	548	243	890	
833	214	213	612	
848	327	260	78	
774	512	506	797	
764	462	695	791	
861	555	156	874	
335	624	719	623	
80	328	79	854	
318	58	873	865	
325	579	368	578	
561	864	560	662	
682	259	354	367	
363	446	774	499	
798	787	448	750	
787	448	750	492	
892	305	538	238	
768	687	370	769	
588	589	851	263	
537	892	879	305	
544	143	543	893	
866	251	60	59	
193	592	814	194	
541	895	307	542	
815	377	268	269	
815	269	268	90	
747	430	352	731	
308	882	37	893	
611	284	831	285	
842	374	593	674	
285	611	612	832	
375	627	475	722	
907	302	532	904	
848	327	78	855	
665	357	563	664	
223	265	814	916	
779	343	645	439	
253	878	671	868	
58	318	873	59	
419	752	357	665	
170	569	868	169	
308	240	37	882	
253	63	868	871	
253	64	868	63	
23	903	301	908	
240	373	644	345	
240	36	37	882	
345	543	308	645	
127	126	527	909	
364	639	745	654	
343	308	645	345	
430	731	637	340	
847	855	582	183	
590	426	413	264	
154	888	153	554	
454	765	695	791	
858	72	71	324	
916	591	621	690	
590	426	264	589	
199	819	200	598	
590	426	589	656	
611	831	212	832	
876	658	315	862	
762	775	763	513	
31	237	879	305	
828	608	282	829	
892	31	879	305	
558	559	159	863	
89	842	88	267	
706	830	609	610	
882	143	543	142	
914	235	26	904	
605	278	604	825	
846	181	579	180	
353	490	752	404	
397	724	712	711	
716	402	717	787	
396	437	711	789	
834	614	835	215	
817	595	197	816	
528	908	902	233	
403	787	448	798	
403	787	798	717	
126	526	909	901	
888	228	227	48	
234	903	24	907	
716	402	620	717	
472	742	780	741	
520	297	229	623	
889	311	244	44	
242	891	546	309	
566	319	565	667	
830	284	706	283	
338	302	409	634	
255	573	843	323	
322	573	255	361	
706	830	283	391	
36	35	895	307	
300	902	909	21	
862	657	247	874	
247	874	51	862	
20	232	909	300	
541	895	542	141	
34	306	894	239	
232	526	909	527	
748	351	747	483	
902	127	527	909	
785	516	479	501	
431	728	505	433	
228	11	227	48	
232	20	909	901	
119	520	898	519	
11	9	227	48	
855	184	582	183	
316	877	249	560	
119	520	120	898	
262	850	587	329	
427	772	502	466	
738	702	444	779	
281	703	390	607	
746	762	676	481	
347	465	429	739	
790	347	429	739	
564	165	866	565	
286	613	395	287	
120	520	912	898	
762	677	676	481	
833	286	612	832	
620	293	716	840	
467	463	761	763	
386	471	387	701	
280	826	101	279	
432	476	712	398	
903	234	301	530	
228	888	554	313	
333	489	643	497	
639	518	554	228	
313	639	554	228	
463	405	368	678	
564	563	318	873	
578	405	577	678	
251	59	873	318	
320	669	421	359	
427	435	810	376	
339	636	303	410	
339	636	410	484	
669	320	421	253	
746	515	481	440	
563	164	865	873	
273	600	696	382	
867	61	252	62	
856	69	843	323	
430	795	514	794	
770	371	425	445	
432	712	725	783	
724	476	712	725	
432	712	783	398	
496	705	704	741	
889	551	244	550	
770	371	445	689	
432	726	783	725	
313	639	228	364	
712	713	783	398	
273	600	599	696	
45	886	244	44	
410	636	730	484	
174	917	572	573	
396	397	288	711	
52	247	51	862	
615	836	711	835	
432	434	477	783	
711	288	289	397	
553	350	552	654	
242	347	649	414	
292	401	618	400	
605	702	701	387	
514	483	516	813	
614	710	396	711	
111	837	290	112	
616	289	398	712	
138	539	139	880	
245	364	553	313	
614	288	835	711	
882	308	543	893	
622	229	623	520	
350	552	653	411	
121	122	899	522	
622	639	745	363	
500	474	510	720	
201	600	599	821	
475	709	722	788	
494	375	722	626	
269	594	816	815	
269	594	815	377	
474	721	720	500	
782	473	808	781	
688	262	370	425	
820	201	599	821	
595	377	691	594	
242	891	309	40	
269	594	377	595	
369	424	686	261	
475	375	722	494	
280	102	101	827	
281	102	280	827	
512	781	509	796	
102	281	828	827	
633	727	634	338	
410	430	730	637	
908	530	129	903	
904	533	235	532	
281	828	827	607	
677	452	763	678	
394	721	494	722	
545	883	891	145	
399	837	838	291	
190	589	191	851	
443	743	744	509	
350	446	443	654	
523	899	522	230	
639	364	553	654	
419	251	666	564	
357	752	419	490	
298	17	913	16	
709	710	788	395	
317	562	418	663	
723	710	456	788	
314	352	340	657	
399	837	617	838	
617	837	399	713	
286	285	612	832	
273	600	821	599	
848	584	185	854	
361	331	574	323	
595	196	197	816	
80	261	849	81	
859	74	258	846	
405	325	578	577	
82	853	329	81	
914	235	303	26	
694	380	764	455	
380	694	695	598	
781	707	393	392	
462	380	455	764	
460	748	483	351	
226	29	906	246	
455	680	365	354	
724	397	476	437	
666	319	565	251	
351	658	315	659	
190	588	860	189	
256	844	70	71	
587	329	853	586	
784	434	783	477	
567	168	871	568	
839	292	401	618	
811	784	714	478	
710	456	788	395	
127	528	902	527	
464	652	411	653	
261	853	849	81	
372	232	629	526	
80	328	854	849	
670	569	568	868	
867	567	167	168	
892	537	538	305	
306	540	346	641	
489	735	643	497	
734	641	346	642	
740	496	704	741	
551	896	312	552	
889	243	311	43	
584	328	585	854	
272	380	695	598	
240	36	895	307	
693	694	379	271	
316	660	355	248	
105	283	830	104	
542	240	644	543	
562	875	162	561	
666	319	251	358	
265	353	266	718	
654	443	653	744	
630	336	629	789	
526	232	909	901	
644	542	643	373	
818	272	93	819	
248	876	53	863	
860	263	851	84	
914	235	533	303	
683	454	367	791	
328	369	423	685	
468	776	698	697	
518	118	910	519	
879	225	136	590	
879	537	590	136	
350	654	653	552	
225	192	136	590	
420	668	755	667	
143	144	893	544	
144	883	893	544	
635	339	235	409	
335	499	774	719	
420	754	755	436	
105	284	831	830	
754	759	755	436	
212	831	610	211	
452	677	763	762	
134	905	535	906	
449	493	751	403	
776	468	453	697	
453	383	458	697	
897	518	554	117	
383	468	698	697	
817	597	271	818	
271	93	92	818	
409	635	728	634	
871	168	169	568	
517	729	728	431	
636	339	635	729	
468	383	453	697	
575	676	576	406	
548	242	414	310	
242	548	414	649	
324	575	576	406	
676	366	576	406	
366	324	576	406	
748	658	747	351	
223	404	916	690	
430	795	483	514	
716	402	401	293	
2	621	222	916	
265	223	404	916	
192	852	191	590	
588	190	860	851	
188	853	586	587	
504	804	515	806	
253	671	360	670	
467	693	379	692	
515	804	746	806	
586	687	587	329	
905	28	304	906	
292	839	293	114	
357	665	752	664	
870	322	572	917	
173	917	174	224	
173	917	224	870	
322	573	572	917	
